=== Run information ===

Scheme:
	RandomForest -P 100 -I 300 -num-slots 1 -K 0 -M 1.0 -V 0.001 -S 1

Lagged and derived variable options:
	-F [Sottoarea_96.Prodotto_2.Vendite] -L 1 -M 365 -R "30, 60, 90, 365" -G Sottoarea_96.Prodotto_2.Data -dayofweek -weekend

Relation:     Prodotto2_Sottoarea_96-weka.filters.unsupervised.attribute.Remove-R1-6
Instances:    870
Attributes:   4
              Sottoarea_96.Prodotto_2.Data
              Sottoarea_96.Prodotto_2.Day
              Sottoarea_96.Prodotto_2.Season
              Sottoarea_96.Prodotto_2.Vendite

Transformed training data:

              Sottoarea_96.Prodotto_2.Vendite
              DayOfWeek
              Weekend
              Sottoarea_96.Prodotto_2.Data-remapped
              Lag_Sottoarea_96.Prodotto_2.Vendite-30
              Lag_Sottoarea_96.Prodotto_2.Vendite-60
              Lag_Sottoarea_96.Prodotto_2.Vendite-90
              Lag_Sottoarea_96.Prodotto_2.Vendite-365
              Sottoarea_96.Prodotto_2.Data-remapped^2
              Sottoarea_96.Prodotto_2.Data-remapped^3
              Sottoarea_96.Prodotto_2.Data-remapped*Lag_Sottoarea_96.Prodotto_2.Vendite-30
              Sottoarea_96.Prodotto_2.Data-remapped*Lag_Sottoarea_96.Prodotto_2.Vendite-60
              Sottoarea_96.Prodotto_2.Data-remapped*Lag_Sottoarea_96.Prodotto_2.Vendite-90
              Sottoarea_96.Prodotto_2.Data-remapped*Lag_Sottoarea_96.Prodotto_2.Vendite-365

Sottoarea_96.Prodotto_2.Vendite:
RandomForest

Bagging with 300 iterations and base learner

weka.classifiers.trees.RandomTree -K 0 -M 1.0 -V 0.001 -S 1 -do-not-check-capabilities

=== Predictions for training data: Sottoarea_96.Prodotto_2.Vendite (10-steps ahead) ===

      inst#       actual    predicted        error
        375            1       1.0794       0.0794
        376            0        0.248        0.248
        377            2       1.9836      -0.0164
        378            2       2.0776       0.0776
        379            3       2.6685      -0.3315
        380            2        2.174        0.174
        381            1       1.4993       0.4993
        382            0        0.572        0.572
        383            0       0.2739       0.2739
        384            3       2.5236      -0.4764
        385            3       2.6456      -0.3544
        386            3        2.805       -0.195
        387            3       2.7395      -0.2605
        388            3       2.8661      -0.1339
        389            1       1.0715       0.0715
        390            1       1.0441       0.0441
        391            1       1.2696       0.2696
        392            2       2.1431       0.1431
        393            2       2.0569       0.0569
        394            1       1.5619       0.5619
        395            4       3.3683      -0.6317
        396            1       1.3957       0.3957
        397            1       1.0153       0.0153
        398            2       2.0471       0.0471
        399            2       2.0679       0.0679
        400            2        1.997       -0.003
        401            2       2.0568       0.0568
        402            2       2.5398       0.5398
        403            2       1.7401      -0.2599
        404            2       1.5846      -0.4154
        405            2       2.0533       0.0533
        406            2       2.1552       0.1552
        407            1       1.5927       0.5927
        408            2       2.3159       0.3159
        409            3       2.7506      -0.2494
        410            3       2.4746      -0.5254
        411            1       1.1364       0.1364
        412            1       1.2247       0.2247
        413            3       2.6072      -0.3928
        414            2       2.2215       0.2215
        415            4       3.3872      -0.6128
        416            2        2.519        0.519
        417            1       1.5144       0.5144
        418            1       1.0233       0.0233
        419            2       2.0796       0.0796
        420            2       2.2651       0.2651
        421            2       2.3411       0.3411
        422            2       2.5425       0.5425
        423            5       3.9796      -1.0204
        424            2       1.9819      -0.0181
        425            0       0.4571       0.4571
        426            2       2.2246       0.2246
        427            2       2.3688       0.3688
        428            2       2.9141       0.9141
        429            6       4.8818      -1.1182
        430            1       2.5423       1.5423
        431            6       4.6162      -1.3838
        432            1       1.1136       0.1136
        433            4       3.3954      -0.6046
        434            4       4.0368       0.0368
        435            9       6.9052      -2.0948
        436            4       4.5048       0.5048
        437            3        3.132        0.132
        438            1       1.5309       0.5309
        439            0       0.3667       0.3667
        440            2       2.2688       0.2688
        441            5       4.4429      -0.5571
        442            6       5.5307      -0.4693
        443            4       3.9579      -0.0421
        444            5       4.2797      -0.7203
        445            2       2.3935       0.3935
        446            1       0.9217      -0.0783
        447            3       2.6632      -0.3368
        448            3       2.9482      -0.0518
        449            4       4.0587       0.0587
        450            3       3.1929       0.1929
        451            6        5.277       -0.723
        452            1       1.4378       0.4378
        453            1       1.0403       0.0403
        454            2       2.4361       0.4361
        455            2       2.6778       0.6778
        456            3       3.6088       0.6088
        457            3       3.6038       0.6038
        458            5       4.5684      -0.4316
        459            2       2.6427       0.6427
        460            1       1.1586       0.1586
        461            0       1.3702       1.3702
        462            3       3.0493       0.0493
        463            4       4.0884       0.0884
        464            3         3.16         0.16
        465            3       3.8744       0.8744
        466            0        1.025        1.025
        467            1        1.024        0.024
        468            3       2.8517      -0.1483
        469            4        3.493       -0.507
        470            5       4.2587      -0.7413
        471            4          4.2          0.2
        472            3       3.7917       0.7917
        473            7       5.1821      -1.8179
        474            1       1.1191       0.1191
        475            1       1.4371       0.4371
        476            2       2.4161       0.4161
        477            5        5.035        0.035
        478            5       4.7652      -0.2348
        479            5       4.2972      -0.7028
        480            9       5.9068      -3.0932
        481            1       1.3686       0.3686
        482            3       2.8755      -0.1245
        483            4        3.756       -0.244
        484            2       2.7032       0.7032
        485            5        4.704       -0.296
        486            2       2.5509       0.5509
        487            0         1.54         1.54
        488            2       1.5758      -0.4242
        489            2       1.9338      -0.0662
        490            3       3.2307       0.2307
        491            6       5.1629      -0.8371
        492            6       5.0401      -0.9599
        493            3        3.328        0.328
        494            2       2.5438       0.5438
        495            0       0.3833       0.3833
        496            2       1.9633      -0.0367
        497            2       2.5393       0.5393
        498            1       2.7727       1.7727
        499            2       3.0502       1.0502
        500            1        1.672        0.672
        501            1       3.7834       2.7834
        502            2       1.5229      -0.4771
        503            2       2.1383       0.1383
        504            2       2.5449       0.5449
        505            2       2.6125       0.6125
        506            2       2.7184       0.7184
        507            4       3.8743      -0.1257
        508           17      11.9124      -5.0876
        509            0       0.5102       0.5102
        510            2       2.2675       0.2675
        511            4       3.5419      -0.4581
        512            8       6.2441      -1.7559
        513            2       2.7791       0.7791
        514            2       2.2072       0.2072
        515            1       3.6813       2.6813
        516            1        0.945       -0.055
        517            1       1.5275       0.5275
        518            2       2.5152       0.5152
        519            2       2.9085       0.9085
        520            3       3.4214       0.4214
        521           15      10.4749      -4.5251
        522            1       1.9121       0.9121
        523            3       2.1841      -0.8159
        524            2       1.9877      -0.0123
        525            4        4.136        0.136
        526            8       6.5958      -1.4042
        527            6       5.0633      -0.9367
        528            2       3.0994       1.0994
        529            3       2.8582      -0.1418
        530            0       0.4186       0.4186
        531            4       3.2557      -0.7443
        532            5       4.8137      -0.1863
        533            4       4.2118       0.2118
        534            2         2.93         0.93
        535            8       6.5222      -1.4778
        536            0        1.317        1.317
        537            2       1.4713      -0.5287
        538            8       5.7851      -2.2149
        539            4       4.2793       0.2793
        540            4       4.1467       0.1467
        541            6       5.0006      -0.9994
        542            8       6.3482      -1.6518
        543            4       3.4917      -0.5083
        544            0       0.2533       0.2533
        545            2       2.2721       0.2721
        546            3       3.3118       0.3118
        547            6       5.4578      -0.5422
        548            3       3.0306       0.0306
        549            2       2.4707       0.4707
        550            1       1.4972       0.4972
        551            0       0.3458       0.3458
        552            2       2.1657       0.1657
        553            3       3.9776       0.9776
        554            2       2.6575       0.6575
        555            8       6.6994      -1.3006
        556            4       4.3864       0.3864
        557            4       3.8683      -0.1317
        558            1       0.9658      -0.0342
        559            3       2.6763      -0.3237
        560            3       3.6481       0.6481
        561           11       8.4337      -2.5663
        562            4       4.0373       0.0373
        563            5       4.4753      -0.5247
        564            6        4.632       -1.368
        565            0       0.3264       0.3264
        566            4       3.3542      -0.6458
        567           10       7.8396      -2.1604
        568            2       3.5308       1.5308
        569            5       4.6964      -0.3036
        570            3       3.5576       0.5576
        571            1       1.3485       0.3485
        572            1       0.6747      -0.3253
        573            1       1.6935       0.6935
        574            8       5.7289      -2.2711
        575            3       4.0957       1.0957
        576            1       2.1885       1.1885
        577            4       4.0173       0.0173
        578            2       2.0679       0.0679
        579            0       0.1916       0.1916
        580            3       2.5986      -0.4014
        581            2       2.8915       0.8915
        582            5       4.5607      -0.4393
        583            8       6.3449      -1.6551
        584            4       3.8635      -0.1365
        585            1       1.7262       0.7262
        586            0       0.1764       0.1764
        587            2       2.0945       0.0945
        588            2       2.9034       0.9034
        589            4         4.36         0.36
        590            4       3.7464      -0.2536
        591            2       3.0673       1.0673
        592            0       0.5121       0.5121
        593            0       0.0597       0.0597
        594            3       2.7748      -0.2252
        595            2       2.5856       0.5856
        596            1       3.9548       2.9548
        597            2       2.6243       0.6243
        598            9       6.9642      -2.0358
        599            7       5.4563      -1.5437
        600            0       0.2233       0.2233
        601            1       1.4575       0.4575
        602            3       3.3307       0.3307
        603            4       4.1403       0.1403
        604            3       3.6161       0.6161
        605            3       3.3695       0.3695
        606            1       1.4141       0.4141
        607            0       0.2021       0.2021
        608            1       1.3652       0.3652
        609            1       2.7641       1.7641
        610           19      13.4314      -5.5686
        611            2       2.8773       0.8773
        612            3       3.1298       0.1298
        613            0       0.4922       0.4922
        614            1       0.7063      -0.2937
        615            1        1.565        0.565
        616            8       7.0046      -0.9954
        617            7       6.4483      -0.5517
        618            3       3.1654       0.1654
        619            3       2.7745      -0.2255
        620            4        3.095       -0.905
        621            0       0.3425       0.3425
        622            3       2.9391      -0.0609
        623           13       9.4516      -3.5484
        624            8       7.0478      -0.9522
        625            3         3.11         0.11
        626            6       5.2469      -0.7531
        627            0       0.8152       0.8152
        628            0       0.1113       0.1113
        629            3        2.963       -0.037
        630            4       4.6243       0.6243
        631            5       4.6648      -0.3352
        632            2       2.4748       0.4748
        633            2        2.775        0.775
        634            3         2.78        -0.22
        635            1       0.8763      -0.1237
        636            2       2.3724       0.3724
        637            3       3.8724       0.8724
        638            1       2.3192       1.3192
        639            6       5.1354      -0.8646
        640            4         4.01         0.01
        641            2       2.3352       0.3352
        642            1       0.8896      -0.1104
        643            3        2.622       -0.378
        644            7       5.8832      -1.1168
        645            3       3.4127       0.4127
        646            3       3.1729       0.1729
        647            4       3.7778      -0.2222
        648            0       0.8177       0.8177
        649            1        0.893       -0.107
        650            5       3.9102      -1.0898
        651            3       3.6561       0.6561
        652            3       3.7293       0.7293
        653            3        3.225        0.225
        654            3       3.4602       0.4602
        655            3       2.5662      -0.4338
        656            0       0.1663       0.1663
        657            2        2.198        0.198
        658            4       4.2994       0.2994
        659            5       4.6397      -0.3603
        660            5       4.7533      -0.2467
        661            4       3.7892      -0.2108
        662            2       2.1188       0.1188
        663            0       0.3699       0.3699
        664            3       2.5397      -0.4603
        665            4       3.4283      -0.5717
        666            3       3.3417       0.3417
        667            2       2.6567       0.6567
        668            4       4.0753       0.0753
        669            2       2.1114       0.1114
        670            0       0.2394       0.2394
        671            1       1.3668       0.3668
        672            2       2.7401       0.7401
        673            3       3.4779       0.4779
        674            5        4.156       -0.844
        675            6       5.1185      -0.8815
        676            3       2.5493      -0.4507
        677            1       0.7258      -0.2742
        678            2            2            0
        679            6       5.0497      -0.9503
        680            6       5.1103      -0.8897
        681            3       3.3667       0.3667
        682            3       3.3467       0.3467
        683            1       1.5193       0.5193
        684            1       0.7801      -0.2199
        685            2        2.001        0.001
        686            5       4.6477      -0.3523
        687            4       3.5296      -0.4704
        688            4       3.7167      -0.2833
        689            3       3.2342       0.2342
        690            1       1.5134       0.5134
        691            0       0.2184       0.2184
        692            2       1.8966      -0.1034
        693            2       2.5216       0.5216
        694            3        3.337        0.337
        695            4       3.8067      -0.1933
        696            5       4.2987      -0.7013
        697            4       3.2982      -0.7018
        698            1       0.8597      -0.1403
        699            1         1.28         0.28
        700            2       2.7783       0.7783
        701            3       2.7898      -0.2102
        702            3       3.1833       0.1833
        703            3       3.0522       0.0522
        704            1       1.2359       0.2359
        705            0       0.1399       0.1399
        706            1       1.4435       0.4435
        707            0       1.0344       1.0344
        708            1       2.1702       1.1702
        709            4       3.7865      -0.2135
        710            4       3.9068      -0.0932
        711            2       2.0628       0.0628
        712            1       0.8765      -0.1235
        713            2       2.3741       0.3741
        714            3       3.3185       0.3185
        715            4         3.37        -0.63
        716            3       3.1333       0.1333
        717            2       2.8467       0.8467
        718            1       1.2826       0.2826
        719            0       0.2903       0.2903
        720            2       1.8982      -0.1018
        721            4       3.6424      -0.3576
        722            2       2.3396       0.3396
        723            3       3.2643       0.2643
        724            1       1.4003       0.4003
        725            0       0.5145       0.5145
        726            0         0.13         0.13
        727            2       2.4816       0.4816
        728            5       4.5037      -0.4963
        729            2       2.3167       0.3167
        730            4       3.5789      -0.4211
        731            1       1.5654       0.5654
        732            2       1.8461      -0.1539
        733            1       0.7196      -0.2804
        734            1       1.2912       0.2912
        735            3       2.9871      -0.0129
        736            0       1.2861       1.2861
        737            1       1.8009       0.8009
        738            2       2.3833       0.3833
        739            1       1.0864       0.0864
        740            0       0.1619       0.1619
        741            2         1.95        -0.05
        742            3        2.978       -0.022
        743            2       2.2667       0.2667
        744            2       2.6867       0.6867
        745            2       2.3409       0.3409
        746            2       1.8567      -0.1433
        747            1       0.8533      -0.1467
        748            3       2.4931      -0.5069
        749            3       3.0438       0.0438
        750            1       1.7465       0.7465
        751            2       2.6767       0.6767
        752            3       3.0355       0.0355
        753            2       2.0014       0.0014
        754            0        0.294        0.294
        755            1       1.4196       0.4196
        756            2       2.6296       0.6296
        757            3       3.0967       0.0967
        758            3       3.1325       0.1325
        759            3       2.6212      -0.3788
        760            1       1.4494       0.4494
        761            1       0.7862      -0.2138
        762            1       1.4076       0.4076
        763            2       2.4116       0.4116
        764            3        2.946       -0.054
        765            4       3.8067      -0.1933
        766            2       2.3859       0.3859
        767            4       3.5921      -0.4079
        768            1         0.81        -0.19
        769            2       2.6675       0.6675
        770            5       4.4064      -0.5936
        771            4         3.78        -0.22
        772            4       3.8058      -0.1942
        773            3       3.0265       0.0265
        774            3       2.5682      -0.4318
        775            1         0.88        -0.12
        776            2       1.9075      -0.0925
        777            2       2.5053       0.5053
        778            4        4.015        0.015
        779            6       5.0933      -0.9067
        780            2       2.9173       0.9173
        781            2       2.1467       0.1467
        782            0       0.2862       0.2862
        783            3       2.5429      -0.4571
        784            3        2.865       -0.135
        785            9       6.8487      -2.1513
        786            4         4.16         0.16
        787            5       4.4127      -0.5873
        788            2       1.8333      -0.1667
        789            0       0.2633       0.2633
        790            2       2.2165       0.2165
        791            2       2.6065       0.6065
        792            5       4.5726      -0.4274
        793            4       3.8253      -0.1747
        794            4       4.3423       0.3423
        795            2       2.0866       0.0866
        796            1       1.0356       0.0356
        797            6       4.6417      -1.3583
        798            5       4.3326      -0.6674
        799            3       3.3753       0.3753
        800            4       4.0394       0.0394
        801            9       7.0542      -1.9458
        802            2         1.99        -0.01
        803            1       0.7729      -0.2271
        804            5       3.8362      -1.1638
        805            6       4.9898      -1.0102
        806            4       3.9731      -0.0269
        807            5       4.3027      -0.6973
        808            5       5.2552       0.2552
        809            3        2.546       -0.454
        810            0       0.2777       0.2777
        811            1       1.4726       0.4726
        812            0       1.1797       1.1797
        813            5       4.4766      -0.5234
        814            5       4.5846      -0.4154
        815            6       5.2036      -0.7964
        816            2       1.9133      -0.0867
        817            0       0.1066       0.1066
        818            0        0.672        0.672
        819            3        2.553       -0.447
        820            3       3.1166       0.1166
        821            2       2.6634       0.6634
        822            3       3.6256       0.6256
        823            1         1.32         0.32
        824            1       0.7298      -0.2702
        825            2       1.9035      -0.0965
        826            5       4.0649      -0.9351
        827            2       2.6347       0.6347
        828            2       2.5067       0.5067
        829            3       3.2468       0.2468
        830            3       2.4333      -0.5667
        831            0         0.08         0.08
        832            2       1.9133      -0.0867
        833            2       2.5663       0.5663
        834            2       2.5362       0.5362
        835            2       2.5566       0.5566
        836            4        4.566        0.566
        837            2       1.7595      -0.2405
        838            0       0.0768       0.0768
        839            2       2.0205       0.0205
        840            3       3.0965       0.0965
        841            1       2.1458       1.1458
        842            5       4.5193      -0.4807
        843            7       5.9612      -1.0388
        844            1         1.54         0.54
        845            0       0.1547       0.1547
        846            0       1.3494       1.3494
        847            3       3.0063       0.0063
        848            5       4.2527      -0.7473
        849            3         3.65         0.65
        850            3       3.5688       0.5688
        851            1       1.2367       0.2367
        852            1       0.7961      -0.2039
        853           11       7.2199      -3.7801
        854            4       4.0986       0.0986
        855            2       2.4209       0.4209
        856            5       4.3617      -0.6383
        857            4       4.1977       0.1977
        858            1       1.2567       0.2567
        859            1       0.8383      -0.1617
        860            1       2.0855       1.0855
        861            3       3.4063       0.4063
        862            3       2.7333      -0.2667
        863            3       3.1437       0.1437
        864            3       3.3844       0.3844
        865            2       1.7167      -0.2833
        866            0       0.1633       0.1633
        867            2       3.4144       1.4144
        868            4       3.8328      -0.1672
        869            2       2.3798       0.3798
        870            6       5.2733      -0.7267
        871            ?       3.5506            ?
        872            ?       2.5872            ?
        873            ?       0.1433            ?
        874            ?        2.813            ?
        875            ?        3.863            ?
        876            ?       3.6212            ?
        877            ?       4.4361            ?
        878            ?       6.5985            ?
        879            ?       1.7633            ?

=== Future predictions from end of training data ===
Time        Sottoarea_96.Prodotto_2.Vendite 
2014-01-01                                0 
2014-01-02                                2 
2014-01-03                                2 
2014-01-04                                1 
2014-01-05                                0 
2014-01-06                                0 
2014-01-07                                2 
2014-01-08                                1 
2014-01-09                                2 
2014-01-10                                3 
2014-01-11                                1 
2014-01-12                                0 
2014-01-13                                1 
2014-01-14                                3 
2014-01-15                                5 
2014-01-16                                2 
2014-01-17                                2 
2014-01-18                                0 
2014-01-19                                0 
2014-01-20                                3 
2014-01-21                                2 
2014-01-22                                2 
2014-01-23                                0 
2014-01-24                                2 
2014-01-25                                0 
2014-01-26                                0 
2014-01-27                                2 
2014-01-28                                2 
2014-01-29                                3 
2014-01-30                                3 
2014-01-31                                3 
2014-02-01                                1 
2014-02-02                                1 
2014-02-03                                2 
2014-02-04                                2 
2014-02-05                                2 
2014-02-06                                2 
2014-02-07                                2 
2014-02-08                                1 
2014-02-09                                0 
2014-02-10                                2 
2014-02-11                                4 
2014-02-12                                1 
2014-02-13                                2 
2014-02-14                                3 
2014-02-15                                1 
2014-02-16                                0 
2014-02-17                                2 
2014-02-18                                3 
2014-02-19                                2 
2014-02-20                                2 
2014-02-21                                2 
2014-02-22                                0 
2014-02-23                                0 
2014-02-24                                1 
2014-02-25                                2 
2014-02-26                                1 
2014-02-27                                1 
2014-02-28                                2 
2014-03-01                                0 
2014-03-02                                1 
2014-03-03                                3 
2014-03-04                                2 
2014-03-05                                3 
2014-03-06                                2 
2014-03-07                                2 
2014-03-08                                1 
2014-03-09                                0 
2014-03-10                                2 
2014-03-11                                2 
2014-03-12                                3 
2014-03-13                                2 
2014-03-14                                2 
2014-03-15                                1 
2014-03-16                                1 
2014-03-17                                3 
2014-03-18                                1 
2014-03-19                                0 
2014-03-20                                0 
2014-03-21                                0 
2014-03-22                                0 
2014-03-23                                0 
2014-03-24                                0 
2014-03-25                                0 
2014-03-26                                1 
2014-03-27                                2 
2014-03-28                                2 
2014-03-29                                0 
2014-03-30                                1 
2014-03-31                                2 
2014-04-01                                2 
2014-04-02                                2 
2014-04-03                                2 
2014-04-04                                2 
2014-04-05                                0 
2014-04-06                                0 
2014-04-07                                2 
2014-04-08                                2 
2014-04-09                                1 
2014-04-10                                2 
2014-04-11                                2 
2014-04-12                                0 
2014-04-13                                1 
2014-04-14                                1 
2014-04-15                                2 
2014-04-16                                3 
2014-04-17                                2 
2014-04-18                                2 
2014-04-19                                1 
2014-04-20                                0 
2014-04-21                                0 
2014-04-22                                1 
2014-04-23                                2 
2014-04-24                                2 
2014-04-25                                1 
2014-04-26                                0 
2014-04-27                                1 
2014-04-28                                2 
2014-04-29                                2 
2014-04-30                                2 
2014-05-01                                0 
2014-05-02                                2 
2014-05-03                                0 
2014-05-04                                0 
2014-05-05                                1 
2014-05-06                                2 
2014-05-07                                1 
2014-05-08                                2 
2014-05-09                                1 
2014-05-10                                1 
2014-05-11                                0 
2014-05-12                                2 
2014-05-13                                2 
2014-05-14                                1 
2014-05-15                                1 
2014-05-16                                2 
2014-05-17                                0 
2014-05-18                                0 
2014-05-19                                1 
2014-05-20                                2 
2014-05-21                                1 
2014-05-22                                2 
2014-05-23                                2 
2014-05-24                                0 
2014-05-25                                1 
2014-05-26                                1 
2014-05-27                                1 
2014-05-28                                2 
2014-05-29                                1 
2014-05-30                                2 
2014-05-31                                0 
2014-06-01                                0 
2014-06-02                                0 
2014-06-03                                2 
2014-06-04                                1 
2014-06-05                                2 
2014-06-06                                1 
2014-06-07                                0 
2014-06-08                                0 
2014-06-09                                2 
2014-06-10                                2 
2014-06-11                                2 
2014-06-12                                2 
2014-06-13                                3 
2014-06-14                                0 
2014-06-15                                0 
2014-06-16                                2 
2014-06-17                                2 
2014-06-18                                2 
2014-06-19                                3 
2014-06-20                                3 
2014-06-21                                1 
2014-06-22                                1 
2014-06-23                                2 
2014-06-24                                2 
2014-06-25                                1 
2014-06-26                                2 
2014-06-27                                2 
2014-06-28                                1 
2014-06-29                                0 
2014-06-30                                1 
2014-07-01                                1 
2014-07-02                                2 
2014-07-03                                1 
2014-07-04                                1 
2014-07-05                                1 
2014-07-06                                1 
2014-07-07                                2 
2014-07-08                                1 
2014-07-09                                2 
2014-07-10                                2 
2014-07-11                                2 
2014-07-12                                0 
2014-07-13                                0 
2014-07-14                                1 
2014-07-15                                3 
2014-07-16                                1 
2014-07-17                                2 
2014-07-18                                2 
2014-07-19                                0 
2014-07-20                                0 
2014-07-21                                2 
2014-07-22                                2 
2014-07-23                                1 
2014-07-24                                2 
2014-07-25                                1 
2014-07-26                                1 
2014-07-27                                0 
2014-07-28                                1 
2014-07-29                                4 
2014-07-30                                1 
2014-07-31                                1 
2014-08-01                                2 
2014-08-02                                0 
2014-08-03                                0 
2014-08-04                                1 
2014-08-05                                2 
2014-08-06                                1 
2014-08-07                                2 
2014-08-08                                1 
2014-08-09                                0 
2014-08-10                                1 
2014-08-11                                1 
2014-08-12                                1 
2014-08-13                                1 
2014-08-14                                2 
2014-08-15                                0 
2014-08-16                                0 
2014-08-17                                0 
2014-08-18                                1 
2014-08-19                                1 
2014-08-20                                2 
2014-08-21                                2 
2014-08-22                                2 
2014-08-23                                0 
2014-08-24                                1 
2014-08-25                                1 
2014-08-26                                1 
2014-08-27                                2 
2014-08-28                                2 
2014-08-29                                1 
2014-08-30                                1 
2014-08-31                                0 
2014-09-01                                1 
2014-09-02                                1 
2014-09-03                                1 
2014-09-04                                1 
2014-09-05                                1 
2014-09-06                                1 
2014-09-07                                0 
2014-09-08                                2 
2014-09-09                                1 
2014-09-10                                1 
2014-09-11                                1 
2014-09-12                                1 
2014-09-13                                0 
2014-09-14                                0 
2014-09-15                                1 
2014-09-16                                2 
2014-09-17                                2 
2014-09-18                                2 
2014-09-19                                2 
2014-09-20                                1 
2014-09-21                                0 
2014-09-22                                1 
2014-09-23                                2 
2014-09-24                                1 
2014-09-25                                3 
2014-09-26                                2 
2014-09-27                                0 
2014-09-28                                1 
2014-09-29                                1 
2014-09-30                                1 
2014-10-01                                2 
2014-10-02                                2 
2014-10-03                                1 
2014-10-04                                1 
2014-10-05                                1 
2014-10-06                                2 
2014-10-07                                3 
2014-10-08                                3 
2014-10-09                                3 
2014-10-10                                4 
2014-10-11                                1 
2014-10-12                                0 
2014-10-13                                2 
2014-10-14                                2 
2014-10-15                                3 
2014-10-16                                3 
2014-10-17                                2 
2014-10-18                                1 
2014-10-19                                0 
2014-10-20                                2 
2014-10-21                                3 
2014-10-22                                2 
2014-10-23                                1 
2014-10-24                                3 
2014-10-25                                2 
2014-10-26                                0 
2014-10-27                                1 
2014-10-28                                3 
2014-10-29                                2 
2014-10-30                                4 
2014-10-31                                3 
2014-11-01                                1 
2014-11-02                                0 
2014-11-03                                1 
2014-11-04                                2 
2014-11-05                                3 
2014-11-06                                3 
2014-11-07                                2 
2014-11-08                                0 
2014-11-09                                0 
2014-11-10                                2 
2014-11-11                                2 
2014-11-12                                2 
2014-11-13                                3 
2014-11-14                                2 
2014-11-15                                1 
2014-11-16                                1 
2014-11-17                                2 
2014-11-18                                2 
2014-11-19                                4 
2014-11-20                                3 
2014-11-21                                3 
2014-11-22                                1 
2014-11-23                                1 
2014-11-24                                4 
2014-11-25                                2 
2014-11-26                                4 
2014-11-27                                4 
2014-11-28                                4 
2014-11-29                                2 
2014-11-30                                0 
2014-12-01                                3 
2014-12-02                                3 
2014-12-03                                3 
2014-12-04                                2 
2014-12-05                                2 
2014-12-06                                2 
2014-12-07                                0 
2014-12-08                                0 
2014-12-09                                2 
2014-12-10                                3 
2014-12-11                                2 
2014-12-12                                2 
2014-12-13                                4 
2014-12-14                                4 
2014-12-15                                2 
2014-12-16                                4 
2014-12-17                                2 
2014-12-18                                4 
2014-12-19                                2 
2014-12-20                                1 
2014-12-21                                0 
2014-12-22                                3 
2014-12-23                                3 
2014-12-24                                2 
2014-12-25                                1 
2014-12-26                                0 
2014-12-27                                0 
2014-12-28                                0 
2014-12-29                                2 
2014-12-30                                2 
2014-12-31                                3 
2015-01-01                                1 
2015-01-02                                2 
2015-01-03                                1 
2015-01-04                                1 
2015-01-05                                1 
2015-01-06                                0 
2015-01-07                                1 
2015-01-08                                2 
2015-01-09                                1 
2015-01-10                                1 
2015-01-11                                0 
2015-01-12                                2 
2015-01-13                                2 
2015-01-14                                3 
2015-01-15                                2 
2015-01-16                                1 
2015-01-17                                0 
2015-01-18                                0 
2015-01-19                                3 
2015-01-20                                3 
2015-01-21                                3 
2015-01-22                                3 
2015-01-23                                3 
2015-01-24                                1 
2015-01-25                                1 
2015-01-26                                1 
2015-01-27                                2 
2015-01-28                                2 
2015-01-29                                1 
2015-01-30                                4 
2015-01-31                                1 
2015-02-01                                1 
2015-02-02                                2 
2015-02-03                                2 
2015-02-04                                2 
2015-02-05                                2 
2015-02-06                                2 
2015-02-07                                2 
2015-02-08                                2 
2015-02-09                                2 
2015-02-10                                2 
2015-02-11                                1 
2015-02-12                                2 
2015-02-13                                3 
2015-02-14                                3 
2015-02-15                                1 
2015-02-16                                1 
2015-02-17                                3 
2015-02-18                                2 
2015-02-19                                4 
2015-02-20                                2 
2015-02-21                                1 
2015-02-22                                1 
2015-02-23                                2 
2015-02-24                                2 
2015-02-25                                2 
2015-02-26                                2 
2015-02-27                                5 
2015-02-28                                2 
2015-03-01                                0 
2015-03-02                                2 
2015-03-03                                2 
2015-03-04                                2 
2015-03-05                                6 
2015-03-06                                1 
2015-03-07                                6 
2015-03-08                                1 
2015-03-09                                4 
2015-03-10                                4 
2015-03-11                                9 
2015-03-12                                4 
2015-03-13                                3 
2015-03-14                                1 
2015-03-15                                0 
2015-03-16                                2 
2015-03-17                                5 
2015-03-18                                6 
2015-03-19                                4 
2015-03-20                                5 
2015-03-21                                2 
2015-03-22                                1 
2015-03-23                                3 
2015-03-24                                3 
2015-03-25                                4 
2015-03-26                                3 
2015-03-27                                6 
2015-03-28                                1 
2015-03-29                                1 
2015-03-30                                2 
2015-03-31                                2 
2015-04-01                                3 
2015-04-02                                3 
2015-04-03                                5 
2015-04-04                                2 
2015-04-05                                1 
2015-04-06                                0 
2015-04-07                                3 
2015-04-08                                4 
2015-04-09                                3 
2015-04-10                                3 
2015-04-11                                0 
2015-04-12                                1 
2015-04-13                                3 
2015-04-14                                4 
2015-04-15                                5 
2015-04-16                                4 
2015-04-17                                3 
2015-04-18                                7 
2015-04-19                                1 
2015-04-20                                1 
2015-04-21                                2 
2015-04-22                                5 
2015-04-23                                5 
2015-04-24                                5 
2015-04-25                                9 
2015-04-26                                1 
2015-04-27                                3 
2015-04-28                                4 
2015-04-29                                2 
2015-04-30                                5 
2015-05-01                                2 
2015-05-02                                0 
2015-05-03                                2 
2015-05-04                                2 
2015-05-05                                3 
2015-05-06                                6 
2015-05-07                                6 
2015-05-08                                3 
2015-05-09                                2 
2015-05-10                                0 
2015-05-11                                2 
2015-05-12                                2 
2015-05-13                                1 
2015-05-14                                2 
2015-05-15                                1 
2015-05-16                                1 
2015-05-17                                2 
2015-05-18                                2 
2015-05-19                                2 
2015-05-20                                2 
2015-05-21                                2 
2015-05-22                                4 
2015-05-23                               17 
2015-05-24                                0 
2015-05-25                                2 
2015-05-26                                4 
2015-05-27                                8 
2015-05-28                                2 
2015-05-29                                2 
2015-05-30                                1 
2015-05-31                                1 
2015-06-01                                1 
2015-06-02                                2 
2015-06-03                                2 
2015-06-04                                3 
2015-06-05                               15 
2015-06-06                                1 
2015-06-07                                3 
2015-06-08                                2 
2015-06-09                                4 
2015-06-10                                8 
2015-06-11                                6 
2015-06-12                                2 
2015-06-13                                3 
2015-06-14                                0 
2015-06-15                                4 
2015-06-16                                5 
2015-06-17                                4 
2015-06-18                                2 
2015-06-19                                8 
2015-06-20                                0 
2015-06-21                                2 
2015-06-22                                8 
2015-06-23                                4 
2015-06-24                                4 
2015-06-25                                6 
2015-06-26                                8 
2015-06-27                                4 
2015-06-28                                0 
2015-06-29                                2 
2015-06-30                                3 
2015-07-01                                6 
2015-07-02                                3 
2015-07-03                                2 
2015-07-04                                1 
2015-07-05                                0 
2015-07-06                                2 
2015-07-07                                3 
2015-07-08                                2 
2015-07-09                                8 
2015-07-10                                4 
2015-07-11                                4 
2015-07-12                                1 
2015-07-13                                3 
2015-07-14                                3 
2015-07-15                               11 
2015-07-16                                4 
2015-07-17                                5 
2015-07-18                                6 
2015-07-19                                0 
2015-07-20                                4 
2015-07-21                               10 
2015-07-22                                2 
2015-07-23                                5 
2015-07-24                                3 
2015-07-25                                1 
2015-07-26                                1 
2015-07-27                                1 
2015-07-28                                8 
2015-07-29                                3 
2015-07-30                                1 
2015-07-31                                4 
2015-08-01                                2 
2015-08-02                                0 
2015-08-03                                3 
2015-08-04                                2 
2015-08-05                                5 
2015-08-06                                8 
2015-08-07                                4 
2015-08-08                                1 
2015-08-09                                0 
2015-08-10                                2 
2015-08-11                                2 
2015-08-12                                4 
2015-08-13                                4 
2015-08-14                                2 
2015-08-15                                0 
2015-08-16                                0 
2015-08-17                                3 
2015-08-18                                2 
2015-08-19                                1 
2015-08-20                                2 
2015-08-21                                9 
2015-08-22                                7 
2015-08-23                                0 
2015-08-24                                1 
2015-08-25                                3 
2015-08-26                                4 
2015-08-27                                3 
2015-08-28                                3 
2015-08-29                                1 
2015-08-30                                0 
2015-08-31                                1 
2015-09-01                                1 
2015-09-02                               19 
2015-09-03                                2 
2015-09-04                                3 
2015-09-05                                0 
2015-09-06                                1 
2015-09-07                                1 
2015-09-08                                8 
2015-09-09                                7 
2015-09-10                                3 
2015-09-11                                3 
2015-09-12                                4 
2015-09-13                                0 
2015-09-14                                3 
2015-09-15                               13 
2015-09-16                                8 
2015-09-17                                3 
2015-09-18                                6 
2015-09-19                                0 
2015-09-20                                0 
2015-09-21                                3 
2015-09-22                                4 
2015-09-23                                5 
2015-09-24                                2 
2015-09-25                                2 
2015-09-26                                3 
2015-09-27                                1 
2015-09-28                                2 
2015-09-29                                3 
2015-09-30                                1 
2015-10-01                                6 
2015-10-02                                4 
2015-10-03                                2 
2015-10-04                                1 
2015-10-05                                3 
2015-10-06                                7 
2015-10-07                                3 
2015-10-08                                3 
2015-10-09                                4 
2015-10-10                                0 
2015-10-11                                1 
2015-10-12                                5 
2015-10-13                                3 
2015-10-14                                3 
2015-10-15                                3 
2015-10-16                                3 
2015-10-17                                3 
2015-10-18                                0 
2015-10-19                                2 
2015-10-20                                4 
2015-10-21                                5 
2015-10-22                                5 
2015-10-23                                4 
2015-10-24                                2 
2015-10-25                                0 
2015-10-26                                3 
2015-10-27                                4 
2015-10-28                                3 
2015-10-29                                2 
2015-10-30                                4 
2015-10-31                                2 
2015-11-01                                0 
2015-11-02                                1 
2015-11-03                                2 
2015-11-04                                3 
2015-11-05                                5 
2015-11-06                                6 
2015-11-07                                3 
2015-11-08                                1 
2015-11-09                                2 
2015-11-10                                6 
2015-11-11                                6 
2015-11-12                                3 
2015-11-13                                3 
2015-11-14                                1 
2015-11-15                                1 
2015-11-16                                2 
2015-11-17                                5 
2015-11-18                                4 
2015-11-19                                4 
2015-11-20                                3 
2015-11-21                                1 
2015-11-22                                0 
2015-11-23                                2 
2015-11-24                                2 
2015-11-25                                3 
2015-11-26                                4 
2015-11-27                                5 
2015-11-28                                4 
2015-11-29                                1 
2015-11-30                                1 
2015-12-01                                2 
2015-12-02                                3 
2015-12-03                                3 
2015-12-04                                3 
2015-12-05                                1 
2015-12-06                                0 
2015-12-07                                1 
2015-12-08                                0 
2015-12-09                                1 
2015-12-10                                4 
2015-12-11                                4 
2015-12-12                                2 
2015-12-13                                1 
2015-12-14                                2 
2015-12-15                                3 
2015-12-16                                4 
2015-12-17                                3 
2015-12-18                                2 
2015-12-19                                1 
2015-12-20                                0 
2015-12-21                                2 
2015-12-22                                4 
2015-12-23                                2 
2015-12-24                                3 
2015-12-25                                1 
2015-12-26                                0 
2015-12-27                                0 
2015-12-28                                2 
2015-12-29                                5 
2015-12-30                                2 
2015-12-31                                4 
2016-01-01                                1 
2016-01-02                                2 
2016-01-03                                1 
2016-01-04                                1 
2016-01-05                                3 
2016-01-06                                0 
2016-01-07                                1 
2016-01-08                                2 
2016-01-09                                1 
2016-01-10                                0 
2016-01-11                                2 
2016-01-12                                3 
2016-01-13                                2 
2016-01-14                                2 
2016-01-15                                2 
2016-01-16                                2 
2016-01-17                                1 
2016-01-18                                3 
2016-01-19                                3 
2016-01-20                                1 
2016-01-21                                2 
2016-01-22                                3 
2016-01-23                                2 
2016-01-24                                0 
2016-01-25                                1 
2016-01-26                                2 
2016-01-27                                3 
2016-01-28                                3 
2016-01-29                                3 
2016-01-30                                1 
2016-01-31                                1 
2016-02-01                                1 
2016-02-02                                2 
2016-02-03                                3 
2016-02-04                                4 
2016-02-05                                2 
2016-02-06                                4 
2016-02-07                                1 
2016-02-08                                2 
2016-02-09                                5 
2016-02-10                                4 
2016-02-11                                4 
2016-02-12                                3 
2016-02-13                                3 
2016-02-14                                1 
2016-02-15                                2 
2016-02-16                                2 
2016-02-17                                4 
2016-02-18                                6 
2016-02-19                                2 
2016-02-20                                2 
2016-02-21                                0 
2016-02-22                                3 
2016-02-23                                3 
2016-02-24                                9 
2016-02-25                                4 
2016-02-26                                5 
2016-02-27                                2 
2016-02-28                                0 
2016-02-29                                2 
2016-03-01                                2 
2016-03-02                                5 
2016-03-03                                4 
2016-03-04                                4 
2016-03-05                                2 
2016-03-06                                1 
2016-03-07                                6 
2016-03-08                                5 
2016-03-09                                3 
2016-03-10                                4 
2016-03-11                                9 
2016-03-12                                2 
2016-03-13                                1 
2016-03-14                                5 
2016-03-15                                6 
2016-03-16                                4 
2016-03-17                                5 
2016-03-18                                5 
2016-03-19                                3 
2016-03-20                                0 
2016-03-21                                1 
2016-03-22                                0 
2016-03-23                                5 
2016-03-24                                5 
2016-03-25                                6 
2016-03-26                                2 
2016-03-27                                0 
2016-03-28                                0 
2016-03-29                                3 
2016-03-30                                3 
2016-03-31                                2 
2016-04-01                                3 
2016-04-02                                1 
2016-04-03                                1 
2016-04-04                                2 
2016-04-05                                5 
2016-04-06                                2 
2016-04-07                                2 
2016-04-08                                3 
2016-04-09                                3 
2016-04-10                                0 
2016-04-11                                2 
2016-04-12                                2 
2016-04-13                                2 
2016-04-14                                2 
2016-04-15                                4 
2016-04-16                                2 
2016-04-17                                0 
2016-04-18                                2 
2016-04-19                                3 
2016-04-20                                1 
2016-04-21                                5 
2016-04-22                                7 
2016-04-23                                1 
2016-04-24                                0 
2016-04-25                                0 
2016-04-26                                3 
2016-04-27                                5 
2016-04-28                                3 
2016-04-29                                3 
2016-04-30                                1 
2016-05-01                                1 
2016-05-02                               11 
2016-05-03                                4 
2016-05-04                                2 
2016-05-05                                5 
2016-05-06                                4 
2016-05-07                                1 
2016-05-08                                1 
2016-05-09                                1 
2016-05-10                                3 
2016-05-11                                3 
2016-05-12                                3 
2016-05-13                                3 
2016-05-14                                2 
2016-05-15                                0 
2016-05-16                                2 
2016-05-17                                4 
2016-05-18                                2 
2016-05-19                                6 
2016-05-20*                           3.5506 
2016-05-21*                           2.5872 
2016-05-22*                           0.1433 
2016-05-23*                            2.813 
2016-05-24*                            3.863 
2016-05-25*                           3.6212 
2016-05-26*                           4.4361 
2016-05-27*                           6.5985 
2016-05-28*                           1.7633 
2016-05-29*                           0.7067 

=== Evaluation on training data ===
Target                             1-step-ahead  2-steps-ahead  3-steps-ahead  4-steps-ahead  5-steps-ahead  6-steps-ahead  7-steps-ahead  8-steps-ahead  9-steps-ahead 10-steps-ahead
======================================================================================================================================================================================
Sottoarea_96.Prodotto_2.Vendite
  N                                         505            504            503            502            501            500            499            498            497            496
  Mean absolute error                    0.5286         0.5285         0.5291         0.5301         0.5308         0.5307         0.5301         0.5301         0.5309         0.5314
  Mean absolute percentage error        21.7684        21.6832        21.7086        21.7537        21.7525        21.6749        21.6749        21.6009        21.6367        21.6201
  Root mean squared error                0.8138         0.8141         0.8149         0.8157         0.8164         0.8169         0.8169         0.8173         0.8181         0.8189
  Mean squared error                     0.6622         0.6628          0.664         0.6653         0.6666         0.6673         0.6673          0.668         0.6693         0.6705

Total number of instances: 870

