=== Run information ===

Scheme:
	RandomForest -P 100 -I 300 -num-slots 1 -K 0 -M 1.0 -V 0.001 -S 1

Lagged and derived variable options:
	-F [Sottoarea_91.Prodotto_2.Vendite] -L 1 -M 365 -R "30, 60, 90, 365" -G Sottoarea_91.Prodotto_2.Data -dayofweek -weekend

Relation:     Prodotto2_Sottoarea_91-weka.filters.unsupervised.attribute.Remove-R1-6
Instances:    870
Attributes:   4
              Sottoarea_91.Prodotto_2.Data
              Sottoarea_91.Prodotto_2.Day
              Sottoarea_91.Prodotto_2.Season
              Sottoarea_91.Prodotto_2.Vendite

Transformed training data:

              Sottoarea_91.Prodotto_2.Vendite
              DayOfWeek
              Weekend
              Sottoarea_91.Prodotto_2.Data-remapped
              Lag_Sottoarea_91.Prodotto_2.Vendite-30
              Lag_Sottoarea_91.Prodotto_2.Vendite-60
              Lag_Sottoarea_91.Prodotto_2.Vendite-90
              Lag_Sottoarea_91.Prodotto_2.Vendite-365
              Sottoarea_91.Prodotto_2.Data-remapped^2
              Sottoarea_91.Prodotto_2.Data-remapped^3
              Sottoarea_91.Prodotto_2.Data-remapped*Lag_Sottoarea_91.Prodotto_2.Vendite-30
              Sottoarea_91.Prodotto_2.Data-remapped*Lag_Sottoarea_91.Prodotto_2.Vendite-60
              Sottoarea_91.Prodotto_2.Data-remapped*Lag_Sottoarea_91.Prodotto_2.Vendite-90
              Sottoarea_91.Prodotto_2.Data-remapped*Lag_Sottoarea_91.Prodotto_2.Vendite-365

Sottoarea_91.Prodotto_2.Vendite:
RandomForest

Bagging with 300 iterations and base learner

weka.classifiers.trees.RandomTree -K 0 -M 1.0 -V 0.001 -S 1 -do-not-check-capabilities

=== Predictions for training data: Sottoarea_91.Prodotto_2.Vendite (10-steps ahead) ===

      inst#       actual    predicted        error
        375            2       1.7076      -0.2924
        376            1       1.5958       0.5958
        377            1       1.5757       0.5757
        378            2       2.4195       0.4195
        379            4       3.5992      -0.4008
        380            3       2.8851      -0.1149
        381            3       3.0477       0.0477
        382            0       0.7475       0.7475
        383            0       0.3522       0.3522
        384            4       3.1321      -0.8679
        385            3       2.8841      -0.1159
        386            2       2.5503       0.5503
        387            3       3.2889       0.2889
        388            5       4.3229      -0.6771
        389            1       1.0834       0.0834
        390            1       0.8861      -0.1139
        391            2       2.2711       0.2711
        392            2        2.467        0.467
        393            3       3.1441       0.1441
        394            2        2.336        0.336
        395            3       3.3018       0.3018
        396            0       0.5457       0.5457
        397            1       1.0695       0.0695
        398            2       2.2913       0.2913
        399            3       2.9634      -0.0366
        400            4       3.6321      -0.3679
        401            3       3.1381       0.1381
        402            3       3.3987       0.3987
        403            2       2.1824       0.1824
        404            2       1.8436      -0.1564
        405            2       2.3456       0.3456
        406            3       2.9631      -0.0369
        407            3       3.2214       0.2214
        408            4       4.3017       0.3017
        409            5       4.6112      -0.3888
        410            4       3.2281      -0.7719
        411            2       1.7881      -0.2119
        412            3       2.7651      -0.2349
        413            3       3.1466       0.1466
        414            5        4.489       -0.511
        415            4       4.9072       0.9072
        416            5       4.6473      -0.3527
        417            2       2.5575       0.5575
        418            1       1.2916       0.2916
        419            3        2.808       -0.192
        420            5       4.6201      -0.3799
        421            4       4.1101       0.1101
        422            8        7.065       -0.935
        423            6         5.31        -0.69
        424            4       3.5006      -0.4994
        425            1       1.3724       0.3724
        426            2       2.5834       0.5834
        427            4       4.1412       0.1412
        428            3       4.0961       1.0961
        429           23      16.2773      -6.7227
        430            4       5.3669       1.3669
        431            9       6.7356      -2.2644
        432            1        1.249        0.249
        433           20      13.9754      -6.0246
        434            5       5.0021       0.0021
        435            3       3.5345       0.5345
        436            9       9.8051       0.8051
        437            9       7.0212      -1.9788
        438            5       3.8987      -1.1013
        439            1        1.318        0.318
        440            1       2.0823       1.0823
        441            4       4.0984       0.0984
        442            3       3.3624       0.3624
        443            7       6.1321      -0.8679
        444            5       4.8652      -0.1348
        445            5       3.9559      -1.0441
        446            1       1.4419       0.4419
        447            2       2.3021       0.3021
        448            2       2.5109       0.5109
        449            4       3.9664      -0.0336
        450            4       4.7079       0.7079
        451            6        5.366       -0.634
        452            2       2.7163       0.7163
        453            2       1.8603      -0.1397
        454            1       1.7098       0.7098
        455            3       3.5271       0.5271
        456            3       3.5884       0.5884
        457            7       6.2416      -0.7584
        458            4       4.1341       0.1341
        459            3       2.8205      -0.1795
        460            3       2.6706      -0.3294
        461            1       4.5839       3.5839
        462            6       5.2154      -0.7846
        463            9       7.1549      -1.8451
        464            4       4.3538       0.3538
        465            3        3.634        0.634
        466            0       1.6188       1.6188
        467           12       7.8146      -4.1854
        468           10        7.469       -2.531
        469            5       4.5821      -0.4179
        470            3       3.2155       0.2155
        471            5       4.9711      -0.0289
        472            6        5.357       -0.643
        473            6       4.4149      -1.5851
        474            2       1.8434      -0.1566
        475            4       4.5607       0.5607
        476            3       3.0486       0.0486
        477            4       3.8291      -0.1709
        478            7       6.8033      -0.1967
        479            5       4.9124      -0.0876
        480            3       2.8852      -0.1148
        481            2       1.9558      -0.0442
        482            3       3.0771       0.0771
        483            5       4.6411      -0.3589
        484            4       3.6213      -0.3787
        485            6       5.7842      -0.2158
        486            2       2.8349       0.8349
        487            1       1.7689       0.7689
        488            2       1.7798      -0.2202
        489            3       2.8979      -0.1021
        490            5        4.533       -0.467
        491            3       3.1342       0.1342
        492            6       5.5374      -0.4626
        493            6       5.1047      -0.8953
        494            4       3.2866      -0.7134
        495            1       1.1933       0.1933
        496            3       2.7311      -0.2689
        497            3       3.6294       0.6294
        498            3       3.3604       0.3604
        499            3       3.7773       0.7773
        500            3       3.8503       0.8503
        501            1       1.7616       0.7616
        502            2       1.8231      -0.1769
        503            4        4.101        0.101
        504            3       3.5954       0.5954
        505            2       2.6016       0.6016
        506            5       4.7814      -0.2186
        507            5       4.4892      -0.5108
        508            3        2.514       -0.486
        509            1       1.2643       0.2643
        510            2       2.3584       0.3584
        511            6       5.0709      -0.9291
        512            6       5.0581      -0.9419
        513            2       2.8153       0.8153
        514            3       3.5141       0.5141
        515            1       1.1927       0.1927
        516            1        1.065        0.065
        517            3       2.6478      -0.3522
        518            2       2.5993       0.5993
        519            2       3.3193       1.3193
        520            4        4.061        0.061
        521            5       4.7071      -0.2929
        522            1        1.314        0.314
        523            2       1.7821      -0.2179
        524            5       4.3023      -0.6977
        525            4       3.7765      -0.2235
        526            8       6.3047      -1.6953
        527            6       5.4078      -0.5922
        528            2       2.7351       0.7351
        529            5       3.5904      -1.4096
        530            1       1.2778       0.2778
        531            2       2.1068       0.1068
        532            5       4.4772      -0.5228
        533            3       3.2322       0.2322
        534            3       3.2577       0.2577
        535            4       3.7538      -0.2462
        536            0       0.5194       0.5194
        537            2       1.4991      -0.5009
        538            2       2.2653       0.2653
        539            3       3.2206       0.2206
        540            2       2.6112       0.6112
        541            4       3.5814      -0.4186
        542            3       3.3839       0.3839
        543            2       2.0036       0.0036
        544            0       0.5045       0.5045
        545            1       1.3745       0.3745
        546            3       3.1256       0.1256
        547            3        3.346        0.346
        548            2       2.5477       0.5477
        549            3       3.2821       0.2821
        550            2       1.6153      -0.3847
        551            0       0.3774       0.3774
        552            2       2.0955       0.0955
        553            8       6.5589      -1.4411
        554            6       4.8983      -1.1017
        555            4       3.7063      -0.2937
        556            3       3.4843       0.4843
        557            2       1.6803      -0.3197
        558            1       0.8941      -0.1059
        559            3       3.2617       0.2617
        560            3       3.0365       0.0365
        561            4       3.6993      -0.3007
        562            4       3.6878      -0.3122
        563            5       4.4207      -0.5793
        564            1       1.2001       0.2001
        565            0       0.2162       0.2162
        566            1       1.3933       0.3933
        567            2       2.8804       0.8804
        568            3       3.2095       0.2095
        569            3       3.3891       0.3891
        570            4       3.6756      -0.3244
        571            1       0.9667      -0.0333
        572            1       0.7714      -0.2286
        573            2       2.1895       0.1895
        574            3       3.0943       0.0943
        575            3       3.0439       0.0439
        576            3       3.3266       0.3266
        577            5       4.2914      -0.7086
        578            1       1.0437       0.0437
        579            0       0.1433       0.1433
        580            3       2.6727      -0.3273
        581            3       3.2613       0.2613
        582            3       3.2139       0.2139
        583            3       3.2292       0.2292
        584            3       3.2417       0.2417
        585            1         1.01         0.01
        586            0       0.2505       0.2505
        587            2       1.9859      -0.0141
        588            2        2.477        0.477
        589            3       2.9915      -0.0085
        590            3       3.1033       0.1033
        591            3       3.1801       0.1801
        592            0       0.3126       0.3126
        593            0         0.12         0.12
        594            1       1.4395       0.4395
        595            6       4.9673      -1.0327
        596            4       3.5324      -0.4676
        597            3       3.0912       0.0912
        598            3        3.016        0.016
        599            1       1.0796       0.0796
        600            0       0.0533       0.0533
        601            2       2.0897       0.0897
        602            2       2.3533       0.3533
        603            2       2.4264       0.4264
        604            2       2.6298       0.6298
        605            2       2.5611       0.5611
        606            1       1.0529       0.0529
        607            0       0.0567       0.0567
        608            2       2.0093       0.0093
        609            3       3.4281       0.4281
        610            2       2.6136       0.6136
        611            3       3.0107       0.0107
        612            3       3.0253       0.0253
        613            0       0.3868       0.3868
        614            1       0.7355      -0.2645
        615            2       2.1717       0.1717
        616            2       3.0579       1.0579
        617            5       4.2434      -0.7566
        618            4       3.5696      -0.4304
        619            3       3.1773       0.1773
        620            2       1.5294      -0.4706
        621            1       0.8766      -0.1234
        622            4       3.2855      -0.7145
        623            5       4.2367      -0.7633
        624            2       2.3184       0.3184
        625            3       3.1583       0.1583
        626            4       4.2899       0.2899
        627            0       0.3267       0.3267
        628            1       0.9616      -0.0384
        629            3       2.7423      -0.2577
        630            3       3.2617       0.2617
        631            3       3.0999       0.0999
        632            2       2.7214       0.7214
        633            2       2.6569       0.6569
        634            1       1.3811       0.3811
        635            1        0.918       -0.082
        636            2       2.3399       0.3399
        637            2       2.7806       0.7806
        638            2       2.6273       0.6273
        639            6       5.0734      -0.9266
        640            4       3.6234      -0.3766
        641            2          1.7         -0.3
        642            1       0.9416      -0.0584
        643            3       2.8753      -0.1247
        644            4       3.6223      -0.3777
        645            6       4.7706      -1.2294
        646            5       4.8567      -0.1433
        647            6       4.9647      -1.0353
        648            0       0.4448       0.4448
        649            0       0.1933       0.1933
        650            5       3.8194      -1.1806
        651            4       3.7792      -0.2208
        652            2       2.7017       0.7017
        653            4       3.8235      -0.1765
        654            3       3.1259       0.1259
        655            2       1.7696      -0.2304
        656            0       0.1219       0.1219
        657            2       2.1766       0.1766
        658            4       3.5682      -0.4318
        659            3       2.9399      -0.0601
        660            3       3.2326       0.2326
        661            3       3.0575       0.0575
        662            2       1.6776      -0.3224
        663            0        0.175        0.175
        664            2       2.0721       0.0721
        665            2       2.1383       0.1383
        666            3       3.0295       0.0295
        667            3       3.3268       0.3268
        668            2       2.4302       0.4302
        669            1       1.0131       0.0131
        670            0       0.0167       0.0167
        671            2         2.23         0.23
        672            1       1.9288       0.9288
        673            2       2.3367       0.3367
        674            4       3.6714      -0.3286
        675            3       3.2154       0.2154
        676            1       1.1353       0.1353
        677            0        0.295        0.295
        678            2       1.9607      -0.0393
        679            5       4.2056      -0.7944
        680            3       3.1542       0.1542
        681            4       3.7741      -0.2259
        682            2       2.6851       0.6851
        683            1       1.0533       0.0533
        684            1       0.8167      -0.1833
        685            2       2.1569       0.1569
        686            4       3.7649      -0.2351
        687            2        2.367        0.367
        688            3        3.332        0.332
        689            2       2.4641       0.4641
        690            0       0.6108       0.6108
        691            1       0.6756      -0.3244
        692            2       2.1051       0.1051
        693            2       2.2897       0.2897
        694            3       2.9358      -0.0642
        695            4       3.7927      -0.2073
        696            3        2.979       -0.021
        697            2       1.6764      -0.3236
        698            0       0.2383       0.2383
        699            1       1.1697       0.1697
        700            2         2.42         0.42
        701            3       2.9146      -0.0854
        702            6       5.1736      -0.8264
        703            5       4.3509      -0.6491
        704            2       1.5823      -0.4177
        705            0       0.2028       0.2028
        706            1       1.2231       0.2231
        707            0       0.9114       0.9114
        708            2       2.3004       0.3004
        709            4       3.9132      -0.0868
        710            4        3.778       -0.222
        711            1       1.2234       0.2234
        712            1       0.7206      -0.2794
        713            2       1.9747      -0.0253
        714            2       2.2557       0.2557
        715            2       2.6116       0.6116
        716            3       3.0368       0.0368
        717            4        3.816       -0.184
        718            1       1.0337       0.0337
        719            0       0.1733       0.1733
        720            1       1.4055       0.4055
        721            3       2.9133      -0.0867
        722            4       3.5091      -0.4909
        723            4       3.6746      -0.3254
        724            1       1.5339       0.5339
        725            0       0.3158       0.3158
        726            0       0.2033       0.2033
        727            3       2.6357      -0.3643
        728            2       2.3166       0.3166
        729            1       2.0489       1.0489
        730            2       2.4635       0.4635
        731            0       0.7184       0.7184
        732            1       1.1232       0.1232
        733            0       0.0565       0.0565
        734            3       2.6565      -0.3435
        735            4       3.4651      -0.5349
        736            1       1.7191       0.7191
        737            2       2.8437       0.8437
        738            3       3.3933       0.3933
        739            1       1.2396       0.2396
        740            0       0.2404       0.2404
        741            2       2.0317       0.0317
        742            3       2.9668      -0.0332
        743            3       2.9343      -0.0657
        744            3       3.0444       0.0444
        745            3       3.1965       0.1965
        746            2       1.8115      -0.1885
        747            0         0.07         0.07
        748            2       1.9748      -0.0252
        749            3       2.9574      -0.0426
        750            3        2.905       -0.095
        751            3       3.0961       0.0961
        752            4       3.7765      -0.2235
        753            2       1.8207      -0.1793
        754            1       0.8149      -0.1851
        755            1        1.299        0.299
        756            3        3.153        0.153
        757            4       3.7054      -0.2946
        758            4       3.7588      -0.2412
        759            4       3.5753      -0.4247
        760            2       2.2209       0.2209
        761            1       0.8941      -0.1059
        762            1       1.9069       0.9069
        763            3       3.0543       0.0543
        764            3       3.1102       0.1102
        765            2       2.6201       0.6201
        766            2       2.7557       0.7557
        767            3       3.5919       0.5919
        768            1       0.7933      -0.2067
        769            2       1.9116      -0.0884
        770            4       3.7257      -0.2743
        771            2       2.9104       0.9104
        772            3         3.22         0.22
        773            4       3.9631      -0.0369
        774            1       1.0836       0.0836
        775            1       0.9199      -0.0801
        776            1       1.3901       0.3901
        777            4       3.6682      -0.3318
        778            6       4.7896      -1.2104
        779            4       3.8957      -0.1043
        780           11       8.4438      -2.5562
        781            1       1.0967       0.0967
        782            0       0.1733       0.1733
        783            2       1.8331      -0.1669
        784            4       3.7372      -0.2628
        785            3       3.2235       0.2235
        786            4       3.7468      -0.2532
        787            3       3.2854       0.2854
        788            2       1.8811      -0.1189
        789            1       1.0518       0.0518
        790            2        1.961       -0.039
        791            3       3.3031       0.3031
        792            5        4.203       -0.797
        793            6       4.8999      -1.1001
        794            4       3.7939      -0.2061
        795            4       3.1268      -0.8732
        796            2       1.5935      -0.4065
        797            2       2.6367       0.6367
        798            6       4.9189      -1.0811
        799            5       4.4391      -0.5609
        800            3       3.3333       0.3333
        801            4       3.6196      -0.3804
        802            2       1.7396      -0.2604
        803            1       0.8365      -0.1635
        804            2       1.7438      -0.2562
        805            4       3.7809      -0.2191
        806            3       3.1197       0.1197
        807            4       3.7033      -0.2967
        808            3       3.1566       0.1566
        809            1       1.3633       0.3633
        810            0       0.8236       0.8236
        811            1       1.3267       0.3267
        812            1       1.8247       0.8247
        813            5       4.3094      -0.6906
        814            4       3.7283      -0.2717
        815            5       5.6649       0.6649
        816            2       1.8899      -0.1101
        817            0       0.1367       0.1367
        818            0       0.5507       0.5507
        819            3       3.2489       0.2489
        820            3        3.213        0.213
        821            3       3.5176       0.5176
        822            3       3.3612       0.3612
        823            2       1.8824      -0.1176
        824            1       0.7499      -0.2501
        825            1       1.5063       0.5063
        826            4       3.8025      -0.1975
        827            3       2.9246      -0.0754
        828            2         2.37         0.37
        829            4       3.6753      -0.3247
        830            2         1.94        -0.06
        831            0       0.1032       0.1032
        832            2        1.671       -0.329
        833            2       2.6548       0.6548
        834            2       2.5044       0.5044
        835            2         2.48         0.48
        836            4       3.8145      -0.1855
        837            2       1.9567      -0.0433
        838            0       0.2333       0.2333
        839            2       1.6714      -0.3286
        840            4       3.3869      -0.6131
        841            2       2.3469       0.3469
        842            5       4.6018      -0.3982
        843            2       2.4623       0.4623
        844            1         1.15         0.15
        845            0        0.271        0.271
        846            0         0.66         0.66
        847            2       2.3981       0.3981
        848            3       2.8728      -0.1272
        849            3       3.3768       0.3768
        850            3       2.7299      -0.2701
        851            1       1.0566       0.0566
        852            0       0.1252       0.1252
        853            2       1.5697      -0.4303
        854            3       2.9478      -0.0522
        855            2       2.3104       0.3104
        856            6       4.9995      -1.0005
        857            2       2.3158       0.3158
        858            2       1.8749      -0.1251
        859            1         0.74        -0.26
        860            2       2.0398       0.0398
        861            3       3.2571       0.2571
        862            2       2.2656       0.2656
        863            4       3.8474      -0.1526
        864            2       2.4867       0.4867
        865            1       1.2876       0.2876
        866            0       0.0867       0.0867
        867            3       2.5119      -0.4881
        868            6       4.9741      -1.0259
        869            2       2.3206       0.3206
        870            3        3.524        0.524
        871            ?       3.1785            ?
        872            ?       1.9524            ?
        873            ?       0.6768            ?
        874            ?       2.4145            ?
        875            ?       3.7351            ?
        876            ?       2.8918            ?
        877            ?       3.7353            ?
        878            ?       3.5885            ?
        879            ?       1.0843            ?

=== Future predictions from end of training data ===
Time        Sottoarea_91.Prodotto_2.Vendite 
2014-01-01                                0 
2014-01-02                                2 
2014-01-03                                2 
2014-01-04                                0 
2014-01-05                                0 
2014-01-06                                0 
2014-01-07                                2 
2014-01-08                                3 
2014-01-09                                6 
2014-01-10                                2 
2014-01-11                                1 
2014-01-12                                0 
2014-01-13                                2 
2014-01-14                                3 
2014-01-15                                3 
2014-01-16                                2 
2014-01-17                                1 
2014-01-18                                2 
2014-01-19                                0 
2014-01-20                                2 
2014-01-21                                3 
2014-01-22                                3 
2014-01-23                                3 
2014-01-24                                4 
2014-01-25                                2 
2014-01-26                                0 
2014-01-27                                2 
2014-01-28                                5 
2014-01-29                                1 
2014-01-30                                4 
2014-01-31                                3 
2014-02-01                                2 
2014-02-02                                0 
2014-02-03                                1 
2014-02-04                                4 
2014-02-05                                2 
2014-02-06                                5 
2014-02-07                                2 
2014-02-08                                0 
2014-02-09                                0 
2014-02-10                                1 
2014-02-11                                6 
2014-02-12                                3 
2014-02-13                                3 
2014-02-14                                3 
2014-02-15                                1 
2014-02-16                                0 
2014-02-17                                3 
2014-02-18                                3 
2014-02-19                                4 
2014-02-20                                4 
2014-02-21                                4 
2014-02-22                                0 
2014-02-23                                0 
2014-02-24                                2 
2014-02-25                                4 
2014-02-26                                3 
2014-02-27                                3 
2014-02-28                                4 
2014-03-01                                1 
2014-03-02                                0 
2014-03-03                                2 
2014-03-04                                4 
2014-03-05                                4 
2014-03-06                                3 
2014-03-07                                4 
2014-03-08                                2 
2014-03-09                                0 
2014-03-10                                3 
2014-03-11                                3 
2014-03-12                                5 
2014-03-13                                3 
2014-03-14                                3 
2014-03-15                                1 
2014-03-16                                0 
2014-03-17                                2 
2014-03-18                                3 
2014-03-19                                0 
2014-03-20                                0 
2014-03-21                                0 
2014-03-22                                0 
2014-03-23                                0 
2014-03-24                                0 
2014-03-25                                0 
2014-03-26                                3 
2014-03-27                                2 
2014-03-28                                3 
2014-03-29                                1 
2014-03-30                                0 
2014-03-31                                2 
2014-04-01                                3 
2014-04-02                                4 
2014-04-03                                3 
2014-04-04                                2 
2014-04-05                                1 
2014-04-06                                0 
2014-04-07                                2 
2014-04-08                                3 
2014-04-09                                2 
2014-04-10                                2 
2014-04-11                                5 
2014-04-12                                0 
2014-04-13                                0 
2014-04-14                                3 
2014-04-15                                4 
2014-04-16                                5 
2014-04-17                                2 
2014-04-18                                3 
2014-04-19                                1 
2014-04-20                                0 
2014-04-21                                0 
2014-04-22                                2 
2014-04-23                                3 
2014-04-24                                3 
2014-04-25                                1 
2014-04-26                                0 
2014-04-27                                0 
2014-04-28                                3 
2014-04-29                                4 
2014-04-30                                3 
2014-05-01                                1 
2014-05-02                                1 
2014-05-03                                1 
2014-05-04                                0 
2014-05-05                                2 
2014-05-06                                2 
2014-05-07                                3 
2014-05-08                                3 
2014-05-09                                3 
2014-05-10                                1 
2014-05-11                                0 
2014-05-12                                3 
2014-05-13                                2 
2014-05-14                                2 
2014-05-15                                4 
2014-05-16                                3 
2014-05-17                                1 
2014-05-18                                0 
2014-05-19                                2 
2014-05-20                                4 
2014-05-21                                3 
2014-05-22                                2 
2014-05-23                                2 
2014-05-24                                1 
2014-05-25                                0 
2014-05-26                                2 
2014-05-27                                3 
2014-05-28                                3 
2014-05-29                                3 
2014-05-30                                2 
2014-05-31                                1 
2014-06-01                                0 
2014-06-02                                0 
2014-06-03                                2 
2014-06-04                                4 
2014-06-05                                3 
2014-06-06                                2 
2014-06-07                                1 
2014-06-08                                0 
2014-06-09                                3 
2014-06-10                                1 
2014-06-11                                2 
2014-06-12                                4 
2014-06-13                                4 
2014-06-14                                1 
2014-06-15                                0 
2014-06-16                                1 
2014-06-17                                3 
2014-06-18                                3 
2014-06-19                                2 
2014-06-20                                2 
2014-06-21                                2 
2014-06-22                                0 
2014-06-23                                2 
2014-06-24                                3 
2014-06-25                                3 
2014-06-26                                3 
2014-06-27                                3 
2014-06-28                                2 
2014-06-29                                0 
2014-06-30                                3 
2014-07-01                                2 
2014-07-02                                3 
2014-07-03                                2 
2014-07-04                                2 
2014-07-05                                0 
2014-07-06                                1 
2014-07-07                                2 
2014-07-08                                3 
2014-07-09                                2 
2014-07-10                                2 
2014-07-11                                2 
2014-07-12                                1 
2014-07-13                                1 
2014-07-14                                2 
2014-07-15                                3 
2014-07-16                                1 
2014-07-17                                3 
2014-07-18                                3 
2014-07-19                                2 
2014-07-20                                0 
2014-07-21                                2 
2014-07-22                                2 
2014-07-23                                4 
2014-07-24                                3 
2014-07-25                                2 
2014-07-26                                0 
2014-07-27                                0 
2014-07-28                                1 
2014-07-29                                4 
2014-07-30                                4 
2014-07-31                                2 
2014-08-01                                3 
2014-08-02                                1 
2014-08-03                                3 
2014-08-04                                1 
2014-08-05                                3 
2014-08-06                                3 
2014-08-07                                3 
2014-08-08                                2 
2014-08-09                                1 
2014-08-10                                0 
2014-08-11                                1 
2014-08-12                                2 
2014-08-13                                2 
2014-08-14                                3 
2014-08-15                                0 
2014-08-16                                0 
2014-08-17                                0 
2014-08-18                                1 
2014-08-19                                1 
2014-08-20                                3 
2014-08-21                                2 
2014-08-22                                3 
2014-08-23                                1 
2014-08-24                                0 
2014-08-25                                2 
2014-08-26                                2 
2014-08-27                                1 
2014-08-28                                2 
2014-08-29                                3 
2014-08-30                                1 
2014-08-31                                0 
2014-09-01                                1 
2014-09-02                                3 
2014-09-03                                2 
2014-09-04                                2 
2014-09-05                                2 
2014-09-06                                1 
2014-09-07                                0 
2014-09-08                                2 
2014-09-09                                3 
2014-09-10                                2 
2014-09-11                                3 
2014-09-12                                2 
2014-09-13                                2 
2014-09-14                                0 
2014-09-15                                2 
2014-09-16                                2 
2014-09-17                                4 
2014-09-18                                3 
2014-09-19                                3 
2014-09-20                                2 
2014-09-21                                0 
2014-09-22                                3 
2014-09-23                                2 
2014-09-24                                3 
2014-09-25                                5 
2014-09-26                                2 
2014-09-27                                3 
2014-09-28                                0 
2014-09-29                                3 
2014-09-30                                3 
2014-10-01                                4 
2014-10-02                                7 
2014-10-03                                3 
2014-10-04                                2 
2014-10-05                                0 
2014-10-06                                3 
2014-10-07                                3 
2014-10-08                                4 
2014-10-09                                4 
2014-10-10                                4 
2014-10-11                                1 
2014-10-12                                0 
2014-10-13                                3 
2014-10-14                                3 
2014-10-15                                6 
2014-10-16                                4 
2014-10-17                                3 
2014-10-18                                1 
2014-10-19                                0 
2014-10-20                                3 
2014-10-21                                3 
2014-10-22                                5 
2014-10-23                                2 
2014-10-24                                6 
2014-10-25                                1 
2014-10-26                                1 
2014-10-27                                3 
2014-10-28                                5 
2014-10-29                                4 
2014-10-30                                4 
2014-10-31                                4 
2014-11-01                                1 
2014-11-02                                0 
2014-11-03                                3 
2014-11-04                                9 
2014-11-05                                3 
2014-11-06                                4 
2014-11-07                                6 
2014-11-08                                1 
2014-11-09                                1 
2014-11-10                                2 
2014-11-11                                4 
2014-11-12                                5 
2014-11-13                                6 
2014-11-14                                4 
2014-11-15                                2 
2014-11-16                                0 
2014-11-17                                2 
2014-11-18                                3 
2014-11-19                                4 
2014-11-20                                6 
2014-11-21                                4 
2014-11-22                                0 
2014-11-23                                0 
2014-11-24                                2 
2014-11-25                                4 
2014-11-26                                3 
2014-11-27                                7 
2014-11-28                                3 
2014-11-29                                3 
2014-11-30                                0 
2014-12-01                                2 
2014-12-02                                4 
2014-12-03                                4 
2014-12-04                                4 
2014-12-05                                5 
2014-12-06                                3 
2014-12-07                                0 
2014-12-08                                0 
2014-12-09                                1 
2014-12-10                                4 
2014-12-11                                3 
2014-12-12                                9 
2014-12-13                                3 
2014-12-14                                2 
2014-12-15                                2 
2014-12-16                                3 
2014-12-17                                4 
2014-12-18                                2 
2014-12-19                                4 
2014-12-20                                1 
2014-12-21                                0 
2014-12-22                                1 
2014-12-23                                3 
2014-12-24                                1 
2014-12-25                                1 
2014-12-26                                0 
2014-12-27                                0 
2014-12-28                                0 
2014-12-29                                3 
2014-12-30                                4 
2014-12-31                                4 
2015-01-01                                0 
2015-01-02                                1 
2015-01-03                                1 
2015-01-04                                1 
2015-01-05                                1 
2015-01-06                                0 
2015-01-07                                2 
2015-01-08                                3 
2015-01-09                                2 
2015-01-10                                2 
2015-01-11                                1 
2015-01-12                                1 
2015-01-13                                2 
2015-01-14                                4 
2015-01-15                                3 
2015-01-16                                3 
2015-01-17                                0 
2015-01-18                                0 
2015-01-19                                4 
2015-01-20                                3 
2015-01-21                                2 
2015-01-22                                3 
2015-01-23                                5 
2015-01-24                                1 
2015-01-25                                1 
2015-01-26                                2 
2015-01-27                                2 
2015-01-28                                3 
2015-01-29                                2 
2015-01-30                                3 
2015-01-31                                0 
2015-02-01                                1 
2015-02-02                                2 
2015-02-03                                3 
2015-02-04                                4 
2015-02-05                                3 
2015-02-06                                3 
2015-02-07                                2 
2015-02-08                                2 
2015-02-09                                2 
2015-02-10                                3 
2015-02-11                                3 
2015-02-12                                4 
2015-02-13                                5 
2015-02-14                                4 
2015-02-15                                2 
2015-02-16                                3 
2015-02-17                                3 
2015-02-18                                5 
2015-02-19                                4 
2015-02-20                                5 
2015-02-21                                2 
2015-02-22                                1 
2015-02-23                                3 
2015-02-24                                5 
2015-02-25                                4 
2015-02-26                                8 
2015-02-27                                6 
2015-02-28                                4 
2015-03-01                                1 
2015-03-02                                2 
2015-03-03                                4 
2015-03-04                                3 
2015-03-05                               23 
2015-03-06                                4 
2015-03-07                                9 
2015-03-08                                1 
2015-03-09                               20 
2015-03-10                                5 
2015-03-11                                3 
2015-03-12                                9 
2015-03-13                                9 
2015-03-14                                5 
2015-03-15                                1 
2015-03-16                                1 
2015-03-17                                4 
2015-03-18                                3 
2015-03-19                                7 
2015-03-20                                5 
2015-03-21                                5 
2015-03-22                                1 
2015-03-23                                2 
2015-03-24                                2 
2015-03-25                                4 
2015-03-26                                4 
2015-03-27                                6 
2015-03-28                                2 
2015-03-29                                2 
2015-03-30                                1 
2015-03-31                                3 
2015-04-01                                3 
2015-04-02                                7 
2015-04-03                                4 
2015-04-04                                3 
2015-04-05                                3 
2015-04-06                                1 
2015-04-07                                6 
2015-04-08                                9 
2015-04-09                                4 
2015-04-10                                3 
2015-04-11                                0 
2015-04-12                               12 
2015-04-13                               10 
2015-04-14                                5 
2015-04-15                                3 
2015-04-16                                5 
2015-04-17                                6 
2015-04-18                                6 
2015-04-19                                2 
2015-04-20                                4 
2015-04-21                                3 
2015-04-22                                4 
2015-04-23                                7 
2015-04-24                                5 
2015-04-25                                3 
2015-04-26                                2 
2015-04-27                                3 
2015-04-28                                5 
2015-04-29                                4 
2015-04-30                                6 
2015-05-01                                2 
2015-05-02                                1 
2015-05-03                                2 
2015-05-04                                3 
2015-05-05                                5 
2015-05-06                                3 
2015-05-07                                6 
2015-05-08                                6 
2015-05-09                                4 
2015-05-10                                1 
2015-05-11                                3 
2015-05-12                                3 
2015-05-13                                3 
2015-05-14                                3 
2015-05-15                                3 
2015-05-16                                1 
2015-05-17                                2 
2015-05-18                                4 
2015-05-19                                3 
2015-05-20                                2 
2015-05-21                                5 
2015-05-22                                5 
2015-05-23                                3 
2015-05-24                                1 
2015-05-25                                2 
2015-05-26                                6 
2015-05-27                                6 
2015-05-28                                2 
2015-05-29                                3 
2015-05-30                                1 
2015-05-31                                1 
2015-06-01                                3 
2015-06-02                                2 
2015-06-03                                2 
2015-06-04                                4 
2015-06-05                                5 
2015-06-06                                1 
2015-06-07                                2 
2015-06-08                                5 
2015-06-09                                4 
2015-06-10                                8 
2015-06-11                                6 
2015-06-12                                2 
2015-06-13                                5 
2015-06-14                                1 
2015-06-15                                2 
2015-06-16                                5 
2015-06-17                                3 
2015-06-18                                3 
2015-06-19                                4 
2015-06-20                                0 
2015-06-21                                2 
2015-06-22                                2 
2015-06-23                                3 
2015-06-24                                2 
2015-06-25                                4 
2015-06-26                                3 
2015-06-27                                2 
2015-06-28                                0 
2015-06-29                                1 
2015-06-30                                3 
2015-07-01                                3 
2015-07-02                                2 
2015-07-03                                3 
2015-07-04                                2 
2015-07-05                                0 
2015-07-06                                2 
2015-07-07                                8 
2015-07-08                                6 
2015-07-09                                4 
2015-07-10                                3 
2015-07-11                                2 
2015-07-12                                1 
2015-07-13                                3 
2015-07-14                                3 
2015-07-15                                4 
2015-07-16                                4 
2015-07-17                                5 
2015-07-18                                1 
2015-07-19                                0 
2015-07-20                                1 
2015-07-21                                2 
2015-07-22                                3 
2015-07-23                                3 
2015-07-24                                4 
2015-07-25                                1 
2015-07-26                                1 
2015-07-27                                2 
2015-07-28                                3 
2015-07-29                                3 
2015-07-30                                3 
2015-07-31                                5 
2015-08-01                                1 
2015-08-02                                0 
2015-08-03                                3 
2015-08-04                                3 
2015-08-05                                3 
2015-08-06                                3 
2015-08-07                                3 
2015-08-08                                1 
2015-08-09                                0 
2015-08-10                                2 
2015-08-11                                2 
2015-08-12                                3 
2015-08-13                                3 
2015-08-14                                3 
2015-08-15                                0 
2015-08-16                                0 
2015-08-17                                1 
2015-08-18                                6 
2015-08-19                                4 
2015-08-20                                3 
2015-08-21                                3 
2015-08-22                                1 
2015-08-23                                0 
2015-08-24                                2 
2015-08-25                                2 
2015-08-26                                2 
2015-08-27                                2 
2015-08-28                                2 
2015-08-29                                1 
2015-08-30                                0 
2015-08-31                                2 
2015-09-01                                3 
2015-09-02                                2 
2015-09-03                                3 
2015-09-04                                3 
2015-09-05                                0 
2015-09-06                                1 
2015-09-07                                2 
2015-09-08                                2 
2015-09-09                                5 
2015-09-10                                4 
2015-09-11                                3 
2015-09-12                                2 
2015-09-13                                1 
2015-09-14                                4 
2015-09-15                                5 
2015-09-16                                2 
2015-09-17                                3 
2015-09-18                                4 
2015-09-19                                0 
2015-09-20                                1 
2015-09-21                                3 
2015-09-22                                3 
2015-09-23                                3 
2015-09-24                                2 
2015-09-25                                2 
2015-09-26                                1 
2015-09-27                                1 
2015-09-28                                2 
2015-09-29                                2 
2015-09-30                                2 
2015-10-01                                6 
2015-10-02                                4 
2015-10-03                                2 
2015-10-04                                1 
2015-10-05                                3 
2015-10-06                                4 
2015-10-07                                6 
2015-10-08                                5 
2015-10-09                                6 
2015-10-10                                0 
2015-10-11                                0 
2015-10-12                                5 
2015-10-13                                4 
2015-10-14                                2 
2015-10-15                                4 
2015-10-16                                3 
2015-10-17                                2 
2015-10-18                                0 
2015-10-19                                2 
2015-10-20                                4 
2015-10-21                                3 
2015-10-22                                3 
2015-10-23                                3 
2015-10-24                                2 
2015-10-25                                0 
2015-10-26                                2 
2015-10-27                                2 
2015-10-28                                3 
2015-10-29                                3 
2015-10-30                                2 
2015-10-31                                1 
2015-11-01                                0 
2015-11-02                                2 
2015-11-03                                1 
2015-11-04                                2 
2015-11-05                                4 
2015-11-06                                3 
2015-11-07                                1 
2015-11-08                                0 
2015-11-09                                2 
2015-11-10                                5 
2015-11-11                                3 
2015-11-12                                4 
2015-11-13                                2 
2015-11-14                                1 
2015-11-15                                1 
2015-11-16                                2 
2015-11-17                                4 
2015-11-18                                2 
2015-11-19                                3 
2015-11-20                                2 
2015-11-21                                0 
2015-11-22                                1 
2015-11-23                                2 
2015-11-24                                2 
2015-11-25                                3 
2015-11-26                                4 
2015-11-27                                3 
2015-11-28                                2 
2015-11-29                                0 
2015-11-30                                1 
2015-12-01                                2 
2015-12-02                                3 
2015-12-03                                6 
2015-12-04                                5 
2015-12-05                                2 
2015-12-06                                0 
2015-12-07                                1 
2015-12-08                                0 
2015-12-09                                2 
2015-12-10                                4 
2015-12-11                                4 
2015-12-12                                1 
2015-12-13                                1 
2015-12-14                                2 
2015-12-15                                2 
2015-12-16                                2 
2015-12-17                                3 
2015-12-18                                4 
2015-12-19                                1 
2015-12-20                                0 
2015-12-21                                1 
2015-12-22                                3 
2015-12-23                                4 
2015-12-24                                4 
2015-12-25                                1 
2015-12-26                                0 
2015-12-27                                0 
2015-12-28                                3 
2015-12-29                                2 
2015-12-30                                1 
2015-12-31                                2 
2016-01-01                                0 
2016-01-02                                1 
2016-01-03                                0 
2016-01-04                                3 
2016-01-05                                4 
2016-01-06                                1 
2016-01-07                                2 
2016-01-08                                3 
2016-01-09                                1 
2016-01-10                                0 
2016-01-11                                2 
2016-01-12                                3 
2016-01-13                                3 
2016-01-14                                3 
2016-01-15                                3 
2016-01-16                                2 
2016-01-17                                0 
2016-01-18                                2 
2016-01-19                                3 
2016-01-20                                3 
2016-01-21                                3 
2016-01-22                                4 
2016-01-23                                2 
2016-01-24                                1 
2016-01-25                                1 
2016-01-26                                3 
2016-01-27                                4 
2016-01-28                                4 
2016-01-29                                4 
2016-01-30                                2 
2016-01-31                                1 
2016-02-01                                1 
2016-02-02                                3 
2016-02-03                                3 
2016-02-04                                2 
2016-02-05                                2 
2016-02-06                                3 
2016-02-07                                1 
2016-02-08                                2 
2016-02-09                                4 
2016-02-10                                2 
2016-02-11                                3 
2016-02-12                                4 
2016-02-13                                1 
2016-02-14                                1 
2016-02-15                                1 
2016-02-16                                4 
2016-02-17                                6 
2016-02-18                                4 
2016-02-19                               11 
2016-02-20                                1 
2016-02-21                                0 
2016-02-22                                2 
2016-02-23                                4 
2016-02-24                                3 
2016-02-25                                4 
2016-02-26                                3 
2016-02-27                                2 
2016-02-28                                1 
2016-02-29                                2 
2016-03-01                                3 
2016-03-02                                5 
2016-03-03                                6 
2016-03-04                                4 
2016-03-05                                4 
2016-03-06                                2 
2016-03-07                                2 
2016-03-08                                6 
2016-03-09                                5 
2016-03-10                                3 
2016-03-11                                4 
2016-03-12                                2 
2016-03-13                                1 
2016-03-14                                2 
2016-03-15                                4 
2016-03-16                                3 
2016-03-17                                4 
2016-03-18                                3 
2016-03-19                                1 
2016-03-20                                0 
2016-03-21                                1 
2016-03-22                                1 
2016-03-23                                5 
2016-03-24                                4 
2016-03-25                                5 
2016-03-26                                2 
2016-03-27                                0 
2016-03-28                                0 
2016-03-29                                3 
2016-03-30                                3 
2016-03-31                                3 
2016-04-01                                3 
2016-04-02                                2 
2016-04-03                                1 
2016-04-04                                1 
2016-04-05                                4 
2016-04-06                                3 
2016-04-07                                2 
2016-04-08                                4 
2016-04-09                                2 
2016-04-10                                0 
2016-04-11                                2 
2016-04-12                                2 
2016-04-13                                2 
2016-04-14                                2 
2016-04-15                                4 
2016-04-16                                2 
2016-04-17                                0 
2016-04-18                                2 
2016-04-19                                4 
2016-04-20                                2 
2016-04-21                                5 
2016-04-22                                2 
2016-04-23                                1 
2016-04-24                                0 
2016-04-25                                0 
2016-04-26                                2 
2016-04-27                                3 
2016-04-28                                3 
2016-04-29                                3 
2016-04-30                                1 
2016-05-01                                0 
2016-05-02                                2 
2016-05-03                                3 
2016-05-04                                2 
2016-05-05                                6 
2016-05-06                                2 
2016-05-07                                2 
2016-05-08                                1 
2016-05-09                                2 
2016-05-10                                3 
2016-05-11                                2 
2016-05-12                                4 
2016-05-13                                2 
2016-05-14                                1 
2016-05-15                                0 
2016-05-16                                3 
2016-05-17                                6 
2016-05-18                                2 
2016-05-19                                3 
2016-05-20*                           3.1785 
2016-05-21*                           1.9524 
2016-05-22*                           0.6768 
2016-05-23*                           2.4145 
2016-05-24*                           3.7351 
2016-05-25*                           2.8918 
2016-05-26*                           3.7353 
2016-05-27*                           3.5885 
2016-05-28*                           1.0843 
2016-05-29*                           0.2232 

=== Evaluation on training data ===
Target                             1-step-ahead  2-steps-ahead  3-steps-ahead  4-steps-ahead  5-steps-ahead  6-steps-ahead  7-steps-ahead  8-steps-ahead  9-steps-ahead 10-steps-ahead
======================================================================================================================================================================================
Sottoarea_91.Prodotto_2.Vendite
  N                                         505            504            503            502            501            500            499            498            497            496
  Mean absolute error                     0.426         0.4247         0.4245         0.4248         0.4252         0.4252         0.4238         0.4241         0.4246         0.4246
  Mean absolute percentage error        16.3622        16.3622        16.2768        16.2576        16.2493        16.1914        16.1914        16.1956        16.2212        16.2069
  Root mean squared error                0.7029         0.7019         0.7021         0.7028         0.7034         0.7038         0.7027         0.7032         0.7039         0.7043
  Mean squared error                      0.494         0.4926          0.493         0.4939         0.4948         0.4954         0.4937         0.4946         0.4955         0.4961

Total number of instances: 870

