=== Run information ===

Scheme:
	RandomForest -P 100 -I 300 -num-slots 1 -K 0 -M 1.0 -V 0.001 -S 1

Lagged and derived variable options:
	-F [Sottoarea_59.Prodotto_1.Vendite] -L 1 -M 365 -R 30,60,90,365 -G Sottoarea_59.Prodotto_1.Data -dayofweek -weekend

Relation:     Prodotto1_Sottoarea_59-weka.filters.unsupervised.attribute.Remove-R1-6
Instances:    870
Attributes:   4
              Sottoarea_59.Prodotto_1.Data
              Sottoarea_59.Prodotto_1.Day
              Sottoarea_59.Prodotto_1.Season
              Sottoarea_59.Prodotto_1.Vendite

Transformed training data:

              Sottoarea_59.Prodotto_1.Vendite
              DayOfWeek
              Weekend
              Sottoarea_59.Prodotto_1.Data-remapped
              Lag_Sottoarea_59.Prodotto_1.Vendite-30
              Lag_Sottoarea_59.Prodotto_1.Vendite-60
              Lag_Sottoarea_59.Prodotto_1.Vendite-90
              Lag_Sottoarea_59.Prodotto_1.Vendite-365
              Sottoarea_59.Prodotto_1.Data-remapped^2
              Sottoarea_59.Prodotto_1.Data-remapped^3
              Sottoarea_59.Prodotto_1.Data-remapped*Lag_Sottoarea_59.Prodotto_1.Vendite-30
              Sottoarea_59.Prodotto_1.Data-remapped*Lag_Sottoarea_59.Prodotto_1.Vendite-60
              Sottoarea_59.Prodotto_1.Data-remapped*Lag_Sottoarea_59.Prodotto_1.Vendite-90
              Sottoarea_59.Prodotto_1.Data-remapped*Lag_Sottoarea_59.Prodotto_1.Vendite-365

Sottoarea_59.Prodotto_1.Vendite:
RandomForest

Bagging with 300 iterations and base learner

weka.classifiers.trees.RandomTree -K 0 -M 1.0 -V 0.001 -S 1 -do-not-check-capabilities

=== Predictions for training data: Sottoarea_59.Prodotto_1.Vendite (10-steps ahead) ===

      inst#       actual    predicted        error
        375            1       1.0034       0.0034
        376            0       0.0628       0.0628
        377            2       1.9575      -0.0425
        378            3       2.7384      -0.2616
        379            2       2.0728       0.0728
        380            1       1.3297       0.3297
        381            2       2.0171       0.0171
        382            1       0.9276      -0.0724
        383            0       0.0333       0.0333
        384            2       1.9737      -0.0263
        385            3        2.663       -0.337
        386            2       2.0159       0.0159
        387            2       1.8913      -0.1087
        388            2       2.2417       0.2417
        389            1       1.0207       0.0207
        390            0       0.1117       0.1117
        391            2       2.0253       0.0253
        392            3       2.8692      -0.1308
        393            2       2.0407       0.0407
        394            2       2.0309       0.0309
        395            2       2.1054       0.1054
        396            0       0.3919       0.3919
        397            0       0.0397       0.0397
        398            2        2.052        0.052
        399            3       2.8385      -0.1615
        400            2       2.0842       0.0842
        401            2       2.1953       0.1953
        402            2        1.992       -0.008
        403            1       0.9959      -0.0041
        404            0       0.0599       0.0599
        405            4       3.2117      -0.7883
        406            2       2.1526       0.1526
        407            2       2.0715       0.0715
        408            3       2.9152      -0.0848
        409            3       2.6502      -0.3498
        410            2       1.5648      -0.4352
        411            0       0.0459       0.0459
        412            2       2.2801       0.2801
        413            3       2.8043      -0.1957
        414            2       2.1126       0.1126
        415            4       3.4984      -0.5016
        416            2       2.2063       0.2063
        417            1       1.0385       0.0385
        418            0       0.0229       0.0229
        419            1       1.4335       0.4335
        420            2       2.1737       0.1737
        421            3       2.8097      -0.1903
        422            3       2.7687      -0.2313
        423            2       2.0555       0.0555
        424            1       0.9952      -0.0048
        425            0       0.0515       0.0515
        426            3       2.5591      -0.4409
        427            2       2.2817       0.2817
        428            3       2.7638      -0.2362
        429            2       2.3919       0.3919
        430            2        2.165        0.165
        431            1       0.9229      -0.0771
        432            0       0.0814       0.0814
        433            2       2.1759       0.1759
        434            3       2.7921      -0.2079
        435            2       2.3551       0.3551
        436            3       2.6889      -0.3111
        437            3       2.6946      -0.3054
        438            1       0.9244      -0.0756
        439            0       0.0067       0.0067
        440            3       2.6432      -0.3568
        441            2        2.163        0.163
        442            3       2.8161      -0.1839
        443            2       1.9582      -0.0418
        444            2       2.0787       0.0787
        445            0       0.3597       0.3597
        446            0       0.0033       0.0033
        447            3       2.4698      -0.5302
        448            1       1.3116       0.3116
        449            3       2.7091      -0.2909
        450            2       2.1241       0.1241
        451            2       2.2848       0.2848
        452            1       0.8233      -0.1767
        453            0       0.0145       0.0145
        454            1       1.6597       0.6597
        455            2       2.1262       0.1262
        456            6       4.6602      -1.3398
        457            2       2.1528       0.1528
        458            3       2.8886      -0.1114
        459            0        0.289        0.289
        460            0       0.0111       0.0111
        461            0       0.8463       0.8463
        462            2       2.1448       0.1448
        463            2       2.2679       0.2679
        464            3       2.7802      -0.2198
        465            2       2.2609       0.2609
        466            0       0.2339       0.2339
        467            0       0.0033       0.0033
        468            4       3.4376      -0.5624
        469            3       2.9838      -0.0162
        470            3       2.8174      -0.1826
        471            2       2.0895       0.0895
        472            3       2.9382      -0.0618
        473            1       0.7299      -0.2701
        474            0       0.0133       0.0133
        475            2       2.4143       0.4143
        476            2       1.7946      -0.2054
        477            3       2.9332      -0.0668
        478            4       3.3393      -0.6607
        479            4       3.3958      -0.6042
        480            1       0.7223      -0.2777
        481            0       0.0233       0.0233
        482            4        3.471       -0.529
        483            2       2.6405       0.6405
        484            2       2.1479       0.1479
        485            2       2.0453       0.0453
        486            0       0.9442       0.9442
        487            0       0.3457       0.3457
        488            0         0.06         0.06
        489            1       1.7187       0.7187
        490            5       4.2376      -0.7624
        491            3       2.9142      -0.0858
        492            2       2.0162       0.0162
        493            4        3.366       -0.634
        494            1       0.8297      -0.1703
        495            0       0.0963       0.0963
        496            4       3.6867      -0.3133
        497            7       5.5715      -1.4285
        498            3       3.1839       0.1839
        499            3       2.7731      -0.2269
        500            2       2.3861       0.3861
        501            0       0.3438       0.3438
        502            1       0.6349      -0.3651
        503            2       2.3728       0.3728
        504            3       3.4844       0.4844
        505            3       2.9364      -0.0636
        506            1       1.4403       0.4403
        507            3       2.6587      -0.3413
        508            1       0.8764      -0.1236
        509            0       0.1657       0.1657
        510            3       2.6969      -0.3031
        511            4       3.6765      -0.3235
        512            4        3.611       -0.389
        513            2       1.8436      -0.1564
        514            1       1.6399       0.6399
        515            1         0.95        -0.05
        516            1       0.7986      -0.2014
        517            1       1.5658       0.5658
        518            0       1.0235       1.0235
        519            2        2.139        0.139
        520            3       2.8898      -0.1102
        521            2       2.1846       0.1846
        522            1       0.9856      -0.0144
        523            0       0.1168       0.1168
        524            4        3.515       -0.485
        525            3       3.1431       0.1431
        526            3       2.7051      -0.2949
        527            3       2.8162      -0.1838
        528            2       2.2575       0.2575
        529            2       1.4603      -0.5397
        530            1       0.6842      -0.3158
        531            3       2.8808      -0.1192
        532            3       3.0102       0.0102
        533            2       2.1494       0.1494
        534            3        2.809       -0.191
        535            3       2.6627      -0.3373
        536            1       0.9653      -0.0347
        537            0       0.1392       0.1392
        538            2       2.2048       0.2048
        539            4       3.6723      -0.3277
        540            3       2.7961      -0.2039
        541            3       2.8414      -0.1586
        542            3       2.7027      -0.2973
        543            1       0.9502      -0.0498
        544            0       0.0821       0.0821
        545            3       2.6033      -0.3967
        546            2       2.2691       0.2691
        547            2       2.0924       0.0924
        548            3       2.7721      -0.2279
        549            3       2.6915      -0.3085
        550            1       0.9553      -0.0447
        551            0       0.0873       0.0873
        552            2       2.2233       0.2233
        553            4         3.71        -0.29
        554            3       2.9188      -0.0812
        555            2       2.1931       0.1931
        556            3       2.7542      -0.2458
        557            1       1.0787       0.0787
        558            0       0.0701       0.0701
        559            2       2.1471       0.1471
        560            3       2.9524      -0.0476
        561            3       2.8313      -0.1687
        562            2       2.0932       0.0932
        563            2       2.1706       0.1706
        564            0       0.3344       0.3344
        565            0         0.01         0.01
        566            2       2.1383       0.1383
        567            3       3.0792       0.0792
        568            3       2.7403      -0.2597
        569            1       1.6146       0.6146
        570            2       1.9833      -0.0167
        571            1       0.8367      -0.1633
        572            0       0.0433       0.0433
        573            2       2.0433       0.0433
        574            2        2.394        0.394
        575            2       2.2418       0.2418
        576            2       1.9892      -0.0108
        577            2       2.1887       0.1887
        578            1       0.8569      -0.1431
        579            0       0.0267       0.0267
        580            2         2.07         0.07
        581            4       3.2258      -0.7742
        582            2       2.0302       0.0302
        583            3       2.5859      -0.4141
        584            2       2.0094       0.0094
        585            0       0.2079       0.2079
        586            0       0.0233       0.0233
        587            2       1.9925      -0.0075
        588            1       1.8992       0.8992
        589            1       1.6073       0.6073
        590            1       1.5406       0.5406
        591            1       1.4503       0.4503
        592            0        0.269        0.269
        593            0       0.0267       0.0267
        594            3       2.8362      -0.1638
        595            3       2.8321      -0.1679
        596            2       2.0787       0.0787
        597            2         2.04         0.04
        598            2       2.0022       0.0022
        599            0       0.3076       0.3076
        600            0       0.0733       0.0733
        601            2       2.3724       0.3724
        602            3       2.8816      -0.1184
        603            2       2.0231       0.0231
        604            2       2.0382       0.0382
        605            2       2.1567       0.1567
        606            1       0.8389      -0.1611
        607            0       0.0915       0.0915
        608            2       1.8742      -0.1258
        609            3       2.9088      -0.0912
        610            2       2.3109       0.3109
        611            2       2.2097       0.2097
        612            3       2.7795      -0.2205
        613            1       0.9231      -0.0769
        614            1       0.6589      -0.3411
        615            3       2.7753      -0.2247
        616            3       2.9188      -0.0812
        617            3        2.825       -0.175
        618            2       2.2078       0.2078
        619            2       2.1593       0.1593
        620            1       0.7577      -0.2423
        621            0       0.0978       0.0978
        622            3       2.8017      -0.1983
        623            2       2.1133       0.1133
        624            3       3.0167       0.0167
        625            2       2.1225       0.1225
        626            3       2.8191      -0.1809
        627            0       0.2979       0.2979
        628            0       0.0067       0.0067
        629            2       2.2799       0.2799
        630            2       2.3925       0.3925
        631            3       2.9452      -0.0548
        632            3       2.7085      -0.2915
        633            2       2.4212       0.4212
        634            1       0.9267      -0.0733
        635            0       0.0067       0.0067
        636            2       2.1625       0.1625
        637            2       2.1433       0.1433
        638            3       2.9482      -0.0518
        639            2       2.1133       0.1133
        640            4       3.4267      -0.5733
        641            1         0.89        -0.11
        642            0           -0           -0
        643            4       3.3314      -0.6686
        644            4       3.5116      -0.4884
        645            4       3.4827      -0.5173
        646            2        2.236        0.236
        647            1       1.9577       0.9577
        648            1       0.9433      -0.0567
        649            0       0.0122       0.0122
        650            4       3.3197      -0.6803
        651            4       3.4654      -0.5346
        652            3        3.076        0.076
        653            2       2.1308       0.1308
        654            2       2.0937       0.0937
        655            1       0.8218      -0.1782
        656            0           -0           -0
        657            2       2.3667       0.3667
        658            3            3            0
        659            3       2.8317      -0.1683
        660            3       2.7365      -0.2635
        661            4       3.2773      -0.7227
        662            0       0.3661       0.3661
        663            0           -0           -0
        664            2       2.2463       0.2463
        665            3         2.75        -0.25
        666            2       2.1533       0.1533
        667            2       2.1867       0.1867
        668            2       2.3856       0.3856
        669            1       0.9516      -0.0484
        670            0       0.0067       0.0067
        671            2       2.3214       0.3214
        672            3       2.9863      -0.0137
        673            2       2.2207       0.2207
        674            3       2.6932      -0.3068
        675            2       2.0507       0.0507
        676            1       0.9344      -0.0656
        677            0       0.0167       0.0167
        678            3       2.5064      -0.4936
        679            2       2.3347       0.3347
        680            2       2.1278       0.1278
        681            3       2.7527      -0.2473
        682            2       2.1004       0.1004
        683            1       0.9898      -0.0102
        684            0           -0           -0
        685            3       3.0129       0.0129
        686            3       2.9388      -0.0612
        687            2       2.3456       0.3456
        688            3       2.8033      -0.1967
        689            3       2.6679      -0.3321
        690            1       0.9572      -0.0428
        691            0       0.0368       0.0368
        692            3       2.8833      -0.1167
        693            3       2.9556      -0.0444
        694            2       2.2082       0.2082
        695            2         2.22         0.22
        696            2       2.3224       0.3224
        697            1       0.9765      -0.0235
        698            0       0.0033       0.0033
        699            3       3.1663       0.1663
        700            2       2.3863       0.3863
        701            3       2.7805      -0.2195
        702            2        2.115        0.115
        703            3       2.9267      -0.0733
        704            1       0.9297      -0.0703
        705            0       0.0297       0.0297
        706            4       3.5996      -0.4004
        707            0       0.6851       0.6851
        708            3       2.7273      -0.2727
        709            4       3.3558      -0.6442
        710            3       2.9344      -0.0656
        711            1       0.9762      -0.0238
        712            0         0.01         0.01
        713            3       2.8588      -0.1412
        714            3       2.6774      -0.3226
        715            2       2.3189       0.3189
        716            2       2.1183       0.1183
        717            3         2.65        -0.35
        718            1       0.8638      -0.1362
        719            0       0.0035       0.0035
        720            2       2.2452       0.2452
        721            2       2.1931       0.1931
        722            3       2.7744      -0.2256
        723            2       2.2283       0.2283
        724            0       0.8484       0.8484
        725            0       0.2858       0.2858
        726            0       0.0033       0.0033
        727            2       2.1096       0.1096
        728            1       1.5094       0.5094
        729            1       1.4921       0.4921
        730            1       1.4761       0.4761
        731            0       0.5031       0.5031
        732            0       0.3206       0.3206
        733            0       0.0167       0.0167
        734            2       2.0824       0.0824
        735            2        1.899       -0.101
        736            0       0.7049       0.7049
        737            2       2.1443       0.1443
        738            3       2.6328      -0.3672
        739            1       0.8695      -0.1305
        740            0       0.0134       0.0134
        741            2       2.1333       0.1333
        742            2       2.3096       0.3096
        743            3       2.7888      -0.2112
        744            2         2.24         0.24
        745            3       2.7441      -0.2559
        746            1       0.9399      -0.0601
        747            0           -0           -0
        748            3       2.8567      -0.1433
        749            3       2.9396      -0.0604
        750            4       3.5146      -0.4854
        751            3       2.6474      -0.3526
        752            3       2.9217      -0.0783
        753            1       0.9699      -0.0301
        754            0       0.0612       0.0612
        755            3       2.7133      -0.2867
        756            4       3.7017      -0.2983
        757            3       2.9476      -0.0524
        758            3       2.9225      -0.0775
        759            2       2.3545       0.3545
        760            1       0.8953      -0.1047
        761            0       0.0604       0.0604
        762            2       2.2398       0.2398
        763            4        3.745       -0.255
        764            2       2.4251       0.4251
        765            3       2.7605      -0.2395
        766            3       2.8921      -0.1079
        767            0       0.3211       0.3211
        768            0       0.0033       0.0033
        769            5       4.0948      -0.9052
        770            3       3.1613       0.1613
        771            3       2.8695      -0.1305
        772            2       2.3305       0.3305
        773            4       3.5615      -0.4385
        774            2       1.4848      -0.5152
        775            0       0.0035       0.0035
        776            3        2.705       -0.295
        777            3       3.2033       0.2033
        778            3       2.8433      -0.1567
        779            3       2.8599      -0.1401
        780            3       2.9197      -0.0803
        781            1       1.0266       0.0266
        782            0       0.0067       0.0067
        783            2        2.275        0.275
        784            3       3.1192       0.1192
        785            2       2.4134       0.4134
        786            3       2.9333      -0.0667
        787            2       2.5448       0.5448
        788            1        0.965       -0.035
        789            0       0.0167       0.0167
        790            3       2.8241      -0.1759
        791            5       4.2226      -0.7774
        792            3       2.8833      -0.1167
        793            3            3            0
        794            4       3.5483      -0.4517
        795            1       1.0062       0.0062
        796            0       0.0494       0.0494
        797            2       1.9258      -0.0742
        798            3       2.9467      -0.0533
        799            2        2.129        0.129
        800            3       3.0399       0.0399
        801            4       3.5467      -0.4533
        802            1       1.0592       0.0592
        803            1       0.6794      -0.3206
        804            2       2.0514       0.0514
        805            4       3.5432      -0.4568
        806            4       3.5633      -0.4367
        807            3       3.0242       0.0242
        808            3         3.12         0.12
        809            1        0.963       -0.037
        810            0       0.0231       0.0231
        811            3       2.7096      -0.2904
        812            1       1.8806       0.8806
        813            3       3.0642       0.0642
        814            3       2.7795      -0.2205
        815            3       2.9251      -0.0749
        816            1       0.9564      -0.0436
        817            0       0.0333       0.0333
        818            0       0.9106       0.9106
        819            3       2.9567      -0.0433
        820            4       3.4524      -0.5476
        821            2       2.3295       0.3295
        822            2       2.4049       0.4049
        823            1       0.9865      -0.0135
        824            0       0.0531       0.0531
        825            3       2.6291      -0.3709
        826            3       2.5035      -0.4965
        827            3       2.9867      -0.0133
        828            4       3.5902      -0.4098
        829            4       3.6117      -0.3883
        830            0       0.3917       0.3917
        831            0       0.0965       0.0965
        832            2       2.1896       0.1896
        833            2       2.3317       0.3317
        834            2       2.2552       0.2552
        835            3       3.0192       0.0192
        836            3       2.8638      -0.1362
        837            1        0.895       -0.105
        838            0       0.0602       0.0602
        839            2       1.9299      -0.0701
        840            2        2.175        0.175
        841            1        1.817        0.817
        842            3       2.8741      -0.1259
        843            3          2.9         -0.1
        844            1       0.8916      -0.1084
        845            0       0.0135       0.0135
        846            0       0.8934       0.8934
        847            3       2.8752      -0.1248
        848            3       2.8657      -0.1343
        849            3       2.9113      -0.0887
        850            2       2.3766       0.3766
        851            2       1.5117      -0.4883
        852            0           -0           -0
        853            3        2.163       -0.837
        854            4       3.5419      -0.4581
        855            3       2.7035      -0.2965
        856            2       2.2588       0.2588
        857            3       2.7567      -0.2433
        858            0       0.2866       0.2866
        859            0       0.1067       0.1067
        860            2       2.1633       0.1633
        861            3        2.905       -0.095
        862            3       2.9133      -0.0867
        863            2       1.9172      -0.0828
        864            2       2.3698       0.3698
        865            0       0.2734       0.2734
        866            0       0.0398       0.0398
        867            3       2.7481      -0.2519
        868            3       2.8617      -0.1383
        869            3       2.7401      -0.2599
        870            1       1.4273       0.4273
        871            ?       2.5007            ?
        872            ?       0.4892            ?
        873            ?       0.0202            ?
        874            ?       2.3666            ?
        875            ?       3.0636            ?
        876            ?       2.7205            ?
        877            ?       2.1076            ?
        878            ?       2.4355            ?
        879            ?       0.3633            ?

=== Future predictions from end of training data ===
Time        Sottoarea_59.Prodotto_1.Vendite 
2014-01-01                                0 
2014-01-02                                1 
2014-01-03                                1 
2014-01-04                                1 
2014-01-05                                0 
2014-01-06                                0 
2014-01-07                                2 
2014-01-08                                1 
2014-01-09                                2 
2014-01-10                                3 
2014-01-11                                0 
2014-01-12                                0 
2014-01-13                                2 
2014-01-14                                2 
2014-01-15                                3 
2014-01-16                                2 
2014-01-17                                2 
2014-01-18                                1 
2014-01-19                                0 
2014-01-20                                1 
2014-01-21                                2 
2014-01-22                                2 
2014-01-23                                2 
2014-01-24                                1 
2014-01-25                                0 
2014-01-26                                1 
2014-01-27                                2 
2014-01-28                                1 
2014-01-29                                2 
2014-01-30                                2 
2014-01-31                                2 
2014-02-01                                1 
2014-02-02                                0 
2014-02-03                                2 
2014-02-04                                1 
2014-02-05                                2 
2014-02-06                                2 
2014-02-07                                1 
2014-02-08                                1 
2014-02-09                                0 
2014-02-10                                2 
2014-02-11                                1 
2014-02-12                                2 
2014-02-13                                2 
2014-02-14                                2 
2014-02-15                                1 
2014-02-16                                0 
2014-02-17                                2 
2014-02-18                                2 
2014-02-19                                2 
2014-02-20                                2 
2014-02-21                                2 
2014-02-22                                0 
2014-02-23                                0 
2014-02-24                                2 
2014-02-25                                2 
2014-02-26                                1 
2014-02-27                                3 
2014-02-28                                2 
2014-03-01                                1 
2014-03-02                                0 
2014-03-03                                2 
2014-03-04                                2 
2014-03-05                                2 
2014-03-06                                2 
2014-03-07                                2 
2014-03-08                                1 
2014-03-09                                0 
2014-03-10                                2 
2014-03-11                                1 
2014-03-12                                2 
2014-03-13                                2 
2014-03-14                                2 
2014-03-15                                1 
2014-03-16                                0 
2014-03-17                                2 
2014-03-18                                1 
2014-03-19                                0 
2014-03-20                                0 
2014-03-21                                0 
2014-03-22                                0 
2014-03-23                                0 
2014-03-24                                0 
2014-03-25                                0 
2014-03-26                                3 
2014-03-27                                3 
2014-03-28                                3 
2014-03-29                                1 
2014-03-30                                1 
2014-03-31                                1 
2014-04-01                                2 
2014-04-02                                3 
2014-04-03                                2 
2014-04-04                                3 
2014-04-05                                1 
2014-04-06                                0 
2014-04-07                                1 
2014-04-08                                2 
2014-04-09                                2 
2014-04-10                                3 
2014-04-11                                2 
2014-04-12                                1 
2014-04-13                                1 
2014-04-14                                2 
2014-04-15                                2 
2014-04-16                                3 
2014-04-17                                3 
2014-04-18                                3 
2014-04-19                                1 
2014-04-20                                1 
2014-04-21                                0 
2014-04-22                                1 
2014-04-23                                1 
2014-04-24                                2 
2014-04-25                                0 
2014-04-26                                0 
2014-04-27                                0 
2014-04-28                                2 
2014-04-29                                2 
2014-04-30                                2 
2014-05-01                                1 
2014-05-02                                1 
2014-05-03                                1 
2014-05-04                                0 
2014-05-05                                1 
2014-05-06                                1 
2014-05-07                                2 
2014-05-08                                2 
2014-05-09                                2 
2014-05-10                                0 
2014-05-11                                2 
2014-05-12                                2 
2014-05-13                                1 
2014-05-14                                2 
2014-05-15                                2 
2014-05-16                                2 
2014-05-17                                1 
2014-05-18                                1 
2014-05-19                                1 
2014-05-20                                1 
2014-05-21                                2 
2014-05-22                                2 
2014-05-23                                2 
2014-05-24                                1 
2014-05-25                                1 
2014-05-26                                1 
2014-05-27                                1 
2014-05-28                                2 
2014-05-29                                2 
2014-05-30                                2 
2014-05-31                                0 
2014-06-01                                0 
2014-06-02                                0 
2014-06-03                                1 
2014-06-04                                1 
2014-06-05                                2 
2014-06-06                                2 
2014-06-07                                1 
2014-06-08                                0 
2014-06-09                                1 
2014-06-10                                0 
2014-06-11                                2 
2014-06-12                                2 
2014-06-13                                1 
2014-06-14                                1 
2014-06-15                                2 
2014-06-16                                2 
2014-06-17                                2 
2014-06-18                                1 
2014-06-19                                1 
2014-06-20                                2 
2014-06-21                                1 
2014-06-22                                1 
2014-06-23                                1 
2014-06-24                                2 
2014-06-25                                1 
2014-06-26                                2 
2014-06-27                                1 
2014-06-28                                3 
2014-06-29                                1 
2014-06-30                                2 
2014-07-01                                1 
2014-07-02                                3 
2014-07-03                                2 
2014-07-04                                2 
2014-07-05                                1 
2014-07-06                                1 
2014-07-07                                2 
2014-07-08                                2 
2014-07-09                                1 
2014-07-10                                3 
2014-07-11                                1 
2014-07-12                                1 
2014-07-13                                1 
2014-07-14                                2 
2014-07-15                                2 
2014-07-16                                1 
2014-07-17                                2 
2014-07-18                                2 
2014-07-19                                1 
2014-07-20                                1 
2014-07-21                                2 
2014-07-22                                3 
2014-07-23                                2 
2014-07-24                                2 
2014-07-25                                2 
2014-07-26                                1 
2014-07-27                                1 
2014-07-28                                1 
2014-07-29                                3 
2014-07-30                                2 
2014-07-31                                2 
2014-08-01                                2 
2014-08-02                                0 
2014-08-03                                1 
2014-08-04                                1 
2014-08-05                                2 
2014-08-06                                2 
2014-08-07                                1 
2014-08-08                                3 
2014-08-09                                1 
2014-08-10                                1 
2014-08-11                                1 
2014-08-12                                3 
2014-08-13                                2 
2014-08-14                                2 
2014-08-15                                1 
2014-08-16                                0 
2014-08-17                                0 
2014-08-18                                1 
2014-08-19                                2 
2014-08-20                                3 
2014-08-21                                1 
2014-08-22                                2 
2014-08-23                                1 
2014-08-24                                0 
2014-08-25                                3 
2014-08-26                                2 
2014-08-27                                2 
2014-08-28                                2 
2014-08-29                                3 
2014-08-30                                2 
2014-08-31                                1 
2014-09-01                                1 
2014-09-02                                1 
2014-09-03                                1 
2014-09-04                                2 
2014-09-05                                2 
2014-09-06                                1 
2014-09-07                                1 
2014-09-08                                1 
2014-09-09                                1 
2014-09-10                                2 
2014-09-11                                2 
2014-09-12                                2 
2014-09-13                                1 
2014-09-14                                0 
2014-09-15                                1 
2014-09-16                                1 
2014-09-17                                3 
2014-09-18                                2 
2014-09-19                                2 
2014-09-20                                1 
2014-09-21                                1 
2014-09-22                                2 
2014-09-23                                2 
2014-09-24                                2 
2014-09-25                                3 
2014-09-26                                2 
2014-09-27                                1 
2014-09-28                                1 
2014-09-29                                1 
2014-09-30                                2 
2014-10-01                                3 
2014-10-02                                2 
2014-10-03                                2 
2014-10-04                                1 
2014-10-05                                0 
2014-10-06                                2 
2014-10-07                                3 
2014-10-08                                2 
2014-10-09                                2 
2014-10-10                                3 
2014-10-11                                2 
2014-10-12                                1 
2014-10-13                                2 
2014-10-14                                4 
2014-10-15                                3 
2014-10-16                                3 
2014-10-17                                3 
2014-10-18                                1 
2014-10-19                                1 
2014-10-20                                2 
2014-10-21                                3 
2014-10-22                                2 
2014-10-23                                3 
2014-10-24                                3 
2014-10-25                                1 
2014-10-26                                1 
2014-10-27                                1 
2014-10-28                                2 
2014-10-29                                3 
2014-10-30                                3 
2014-10-31                                4 
2014-11-01                                0 
2014-11-02                                0 
2014-11-03                                3 
2014-11-04                                2 
2014-11-05                                4 
2014-11-06                                3 
2014-11-07                                3 
2014-11-08                                1 
2014-11-09                                0 
2014-11-10                                1 
2014-11-11                                3 
2014-11-12                                3 
2014-11-13                                3 
2014-11-14                                3 
2014-11-15                                1 
2014-11-16                                1 
2014-11-17                                1 
2014-11-18                                3 
2014-11-19                                2 
2014-11-20                                2 
2014-11-21                                3 
2014-11-22                                2 
2014-11-23                                1 
2014-11-24                                2 
2014-11-25                                2 
2014-11-26                                3 
2014-11-27                                3 
2014-11-28                                3 
2014-11-29                                2 
2014-11-30                                1 
2014-12-01                                3 
2014-12-02                                3 
2014-12-03                                3 
2014-12-04                                2 
2014-12-05                                3 
2014-12-06                                1 
2014-12-07                                1 
2014-12-08                                0 
2014-12-09                                2 
2014-12-10                                2 
2014-12-11                                2 
2014-12-12                                2 
2014-12-13                                2 
2014-12-14                                1 
2014-12-15                                2 
2014-12-16                                2 
2014-12-17                                1 
2014-12-18                                3 
2014-12-19                                3 
2014-12-20                                2 
2014-12-21                                1 
2014-12-22                                2 
2014-12-23                                2 
2014-12-24                                2 
2014-12-25                                1 
2014-12-26                                0 
2014-12-27                                0 
2014-12-28                                1 
2014-12-29                                1 
2014-12-30                                2 
2014-12-31                                1 
2015-01-01                                0 
2015-01-02                                3 
2015-01-03                                1 
2015-01-04                                0 
2015-01-05                                1 
2015-01-06                                0 
2015-01-07                                3 
2015-01-08                                1 
2015-01-09                                3 
2015-01-10                                1 
2015-01-11                                0 
2015-01-12                                2 
2015-01-13                                3 
2015-01-14                                2 
2015-01-15                                1 
2015-01-16                                2 
2015-01-17                                1 
2015-01-18                                0 
2015-01-19                                2 
2015-01-20                                3 
2015-01-21                                2 
2015-01-22                                2 
2015-01-23                                2 
2015-01-24                                1 
2015-01-25                                0 
2015-01-26                                2 
2015-01-27                                3 
2015-01-28                                2 
2015-01-29                                2 
2015-01-30                                2 
2015-01-31                                0 
2015-02-01                                0 
2015-02-02                                2 
2015-02-03                                3 
2015-02-04                                2 
2015-02-05                                2 
2015-02-06                                2 
2015-02-07                                1 
2015-02-08                                0 
2015-02-09                                4 
2015-02-10                                2 
2015-02-11                                2 
2015-02-12                                3 
2015-02-13                                3 
2015-02-14                                2 
2015-02-15                                0 
2015-02-16                                2 
2015-02-17                                3 
2015-02-18                                2 
2015-02-19                                4 
2015-02-20                                2 
2015-02-21                                1 
2015-02-22                                0 
2015-02-23                                1 
2015-02-24                                2 
2015-02-25                                3 
2015-02-26                                3 
2015-02-27                                2 
2015-02-28                                1 
2015-03-01                                0 
2015-03-02                                3 
2015-03-03                                2 
2015-03-04                                3 
2015-03-05                                2 
2015-03-06                                2 
2015-03-07                                1 
2015-03-08                                0 
2015-03-09                                2 
2015-03-10                                3 
2015-03-11                                2 
2015-03-12                                3 
2015-03-13                                3 
2015-03-14                                1 
2015-03-15                                0 
2015-03-16                                3 
2015-03-17                                2 
2015-03-18                                3 
2015-03-19                                2 
2015-03-20                                2 
2015-03-21                                0 
2015-03-22                                0 
2015-03-23                                3 
2015-03-24                                1 
2015-03-25                                3 
2015-03-26                                2 
2015-03-27                                2 
2015-03-28                                1 
2015-03-29                                0 
2015-03-30                                1 
2015-03-31                                2 
2015-04-01                                6 
2015-04-02                                2 
2015-04-03                                3 
2015-04-04                                0 
2015-04-05                                0 
2015-04-06                                0 
2015-04-07                                2 
2015-04-08                                2 
2015-04-09                                3 
2015-04-10                                2 
2015-04-11                                0 
2015-04-12                                0 
2015-04-13                                4 
2015-04-14                                3 
2015-04-15                                3 
2015-04-16                                2 
2015-04-17                                3 
2015-04-18                                1 
2015-04-19                                0 
2015-04-20                                2 
2015-04-21                                2 
2015-04-22                                3 
2015-04-23                                4 
2015-04-24                                4 
2015-04-25                                1 
2015-04-26                                0 
2015-04-27                                4 
2015-04-28                                2 
2015-04-29                                2 
2015-04-30                                2 
2015-05-01                                0 
2015-05-02                                0 
2015-05-03                                0 
2015-05-04                                1 
2015-05-05                                5 
2015-05-06                                3 
2015-05-07                                2 
2015-05-08                                4 
2015-05-09                                1 
2015-05-10                                0 
2015-05-11                                4 
2015-05-12                                7 
2015-05-13                                3 
2015-05-14                                3 
2015-05-15                                2 
2015-05-16                                0 
2015-05-17                                1 
2015-05-18                                2 
2015-05-19                                3 
2015-05-20                                3 
2015-05-21                                1 
2015-05-22                                3 
2015-05-23                                1 
2015-05-24                                0 
2015-05-25                                3 
2015-05-26                                4 
2015-05-27                                4 
2015-05-28                                2 
2015-05-29                                1 
2015-05-30                                1 
2015-05-31                                1 
2015-06-01                                1 
2015-06-02                                0 
2015-06-03                                2 
2015-06-04                                3 
2015-06-05                                2 
2015-06-06                                1 
2015-06-07                                0 
2015-06-08                                4 
2015-06-09                                3 
2015-06-10                                3 
2015-06-11                                3 
2015-06-12                                2 
2015-06-13                                2 
2015-06-14                                1 
2015-06-15                                3 
2015-06-16                                3 
2015-06-17                                2 
2015-06-18                                3 
2015-06-19                                3 
2015-06-20                                1 
2015-06-21                                0 
2015-06-22                                2 
2015-06-23                                4 
2015-06-24                                3 
2015-06-25                                3 
2015-06-26                                3 
2015-06-27                                1 
2015-06-28                                0 
2015-06-29                                3 
2015-06-30                                2 
2015-07-01                                2 
2015-07-02                                3 
2015-07-03                                3 
2015-07-04                                1 
2015-07-05                                0 
2015-07-06                                2 
2015-07-07                                4 
2015-07-08                                3 
2015-07-09                                2 
2015-07-10                                3 
2015-07-11                                1 
2015-07-12                                0 
2015-07-13                                2 
2015-07-14                                3 
2015-07-15                                3 
2015-07-16                                2 
2015-07-17                                2 
2015-07-18                                0 
2015-07-19                                0 
2015-07-20                                2 
2015-07-21                                3 
2015-07-22                                3 
2015-07-23                                1 
2015-07-24                                2 
2015-07-25                                1 
2015-07-26                                0 
2015-07-27                                2 
2015-07-28                                2 
2015-07-29                                2 
2015-07-30                                2 
2015-07-31                                2 
2015-08-01                                1 
2015-08-02                                0 
2015-08-03                                2 
2015-08-04                                4 
2015-08-05                                2 
2015-08-06                                3 
2015-08-07                                2 
2015-08-08                                0 
2015-08-09                                0 
2015-08-10                                2 
2015-08-11                                1 
2015-08-12                                1 
2015-08-13                                1 
2015-08-14                                1 
2015-08-15                                0 
2015-08-16                                0 
2015-08-17                                3 
2015-08-18                                3 
2015-08-19                                2 
2015-08-20                                2 
2015-08-21                                2 
2015-08-22                                0 
2015-08-23                                0 
2015-08-24                                2 
2015-08-25                                3 
2015-08-26                                2 
2015-08-27                                2 
2015-08-28                                2 
2015-08-29                                1 
2015-08-30                                0 
2015-08-31                                2 
2015-09-01                                3 
2015-09-02                                2 
2015-09-03                                2 
2015-09-04                                3 
2015-09-05                                1 
2015-09-06                                1 
2015-09-07                                3 
2015-09-08                                3 
2015-09-09                                3 
2015-09-10                                2 
2015-09-11                                2 
2015-09-12                                1 
2015-09-13                                0 
2015-09-14                                3 
2015-09-15                                2 
2015-09-16                                3 
2015-09-17                                2 
2015-09-18                                3 
2015-09-19                                0 
2015-09-20                                0 
2015-09-21                                2 
2015-09-22                                2 
2015-09-23                                3 
2015-09-24                                3 
2015-09-25                                2 
2015-09-26                                1 
2015-09-27                                0 
2015-09-28                                2 
2015-09-29                                2 
2015-09-30                                3 
2015-10-01                                2 
2015-10-02                                4 
2015-10-03                                1 
2015-10-04                                0 
2015-10-05                                4 
2015-10-06                                4 
2015-10-07                                4 
2015-10-08                                2 
2015-10-09                                1 
2015-10-10                                1 
2015-10-11                                0 
2015-10-12                                4 
2015-10-13                                4 
2015-10-14                                3 
2015-10-15                                2 
2015-10-16                                2 
2015-10-17                                1 
2015-10-18                                0 
2015-10-19                                2 
2015-10-20                                3 
2015-10-21                                3 
2015-10-22                                3 
2015-10-23                                4 
2015-10-24                                0 
2015-10-25                                0 
2015-10-26                                2 
2015-10-27                                3 
2015-10-28                                2 
2015-10-29                                2 
2015-10-30                                2 
2015-10-31                                1 
2015-11-01                                0 
2015-11-02                                2 
2015-11-03                                3 
2015-11-04                                2 
2015-11-05                                3 
2015-11-06                                2 
2015-11-07                                1 
2015-11-08                                0 
2015-11-09                                3 
2015-11-10                                2 
2015-11-11                                2 
2015-11-12                                3 
2015-11-13                                2 
2015-11-14                                1 
2015-11-15                                0 
2015-11-16                                3 
2015-11-17                                3 
2015-11-18                                2 
2015-11-19                                3 
2015-11-20                                3 
2015-11-21                                1 
2015-11-22                                0 
2015-11-23                                3 
2015-11-24                                3 
2015-11-25                                2 
2015-11-26                                2 
2015-11-27                                2 
2015-11-28                                1 
2015-11-29                                0 
2015-11-30                                3 
2015-12-01                                2 
2015-12-02                                3 
2015-12-03                                2 
2015-12-04                                3 
2015-12-05                                1 
2015-12-06                                0 
2015-12-07                                4 
2015-12-08                                0 
2015-12-09                                3 
2015-12-10                                4 
2015-12-11                                3 
2015-12-12                                1 
2015-12-13                                0 
2015-12-14                                3 
2015-12-15                                3 
2015-12-16                                2 
2015-12-17                                2 
2015-12-18                                3 
2015-12-19                                1 
2015-12-20                                0 
2015-12-21                                2 
2015-12-22                                2 
2015-12-23                                3 
2015-12-24                                2 
2015-12-25                                0 
2015-12-26                                0 
2015-12-27                                0 
2015-12-28                                2 
2015-12-29                                1 
2015-12-30                                1 
2015-12-31                                1 
2016-01-01                                0 
2016-01-02                                0 
2016-01-03                                0 
2016-01-04                                2 
2016-01-05                                2 
2016-01-06                                0 
2016-01-07                                2 
2016-01-08                                3 
2016-01-09                                1 
2016-01-10                                0 
2016-01-11                                2 
2016-01-12                                2 
2016-01-13                                3 
2016-01-14                                2 
2016-01-15                                3 
2016-01-16                                1 
2016-01-17                                0 
2016-01-18                                3 
2016-01-19                                3 
2016-01-20                                4 
2016-01-21                                3 
2016-01-22                                3 
2016-01-23                                1 
2016-01-24                                0 
2016-01-25                                3 
2016-01-26                                4 
2016-01-27                                3 
2016-01-28                                3 
2016-01-29                                2 
2016-01-30                                1 
2016-01-31                                0 
2016-02-01                                2 
2016-02-02                                4 
2016-02-03                                2 
2016-02-04                                3 
2016-02-05                                3 
2016-02-06                                0 
2016-02-07                                0 
2016-02-08                                5 
2016-02-09                                3 
2016-02-10                                3 
2016-02-11                                2 
2016-02-12                                4 
2016-02-13                                2 
2016-02-14                                0 
2016-02-15                                3 
2016-02-16                                3 
2016-02-17                                3 
2016-02-18                                3 
2016-02-19                                3 
2016-02-20                                1 
2016-02-21                                0 
2016-02-22                                2 
2016-02-23                                3 
2016-02-24                                2 
2016-02-25                                3 
2016-02-26                                2 
2016-02-27                                1 
2016-02-28                                0 
2016-02-29                                3 
2016-03-01                                5 
2016-03-02                                3 
2016-03-03                                3 
2016-03-04                                4 
2016-03-05                                1 
2016-03-06                                0 
2016-03-07                                2 
2016-03-08                                3 
2016-03-09                                2 
2016-03-10                                3 
2016-03-11                                4 
2016-03-12                                1 
2016-03-13                                1 
2016-03-14                                2 
2016-03-15                                4 
2016-03-16                                4 
2016-03-17                                3 
2016-03-18                                3 
2016-03-19                                1 
2016-03-20                                0 
2016-03-21                                3 
2016-03-22                                1 
2016-03-23                                3 
2016-03-24                                3 
2016-03-25                                3 
2016-03-26                                1 
2016-03-27                                0 
2016-03-28                                0 
2016-03-29                                3 
2016-03-30                                4 
2016-03-31                                2 
2016-04-01                                2 
2016-04-02                                1 
2016-04-03                                0 
2016-04-04                                3 
2016-04-05                                3 
2016-04-06                                3 
2016-04-07                                4 
2016-04-08                                4 
2016-04-09                                0 
2016-04-10                                0 
2016-04-11                                2 
2016-04-12                                2 
2016-04-13                                2 
2016-04-14                                3 
2016-04-15                                3 
2016-04-16                                1 
2016-04-17                                0 
2016-04-18                                2 
2016-04-19                                2 
2016-04-20                                1 
2016-04-21                                3 
2016-04-22                                3 
2016-04-23                                1 
2016-04-24                                0 
2016-04-25                                0 
2016-04-26                                3 
2016-04-27                                3 
2016-04-28                                3 
2016-04-29                                2 
2016-04-30                                2 
2016-05-01                                0 
2016-05-02                                3 
2016-05-03                                4 
2016-05-04                                3 
2016-05-05                                2 
2016-05-06                                3 
2016-05-07                                0 
2016-05-08                                0 
2016-05-09                                2 
2016-05-10                                3 
2016-05-11                                3 
2016-05-12                                2 
2016-05-13                                2 
2016-05-14                                0 
2016-05-15                                0 
2016-05-16                                3 
2016-05-17                                3 
2016-05-18                                3 
2016-05-19                                1 
2016-05-20*                           2.5007 
2016-05-21*                           0.4892 
2016-05-22*                           0.0202 
2016-05-23*                           2.3666 
2016-05-24*                           3.0636 
2016-05-25*                           2.7205 
2016-05-26*                           2.1076 
2016-05-27*                           2.4355 
2016-05-28*                           0.3633 
2016-05-29*                           0.0997 

=== Evaluation on training data ===
Target                             1-step-ahead  2-steps-ahead  3-steps-ahead  4-steps-ahead  5-steps-ahead  6-steps-ahead  7-steps-ahead  8-steps-ahead  9-steps-ahead 10-steps-ahead
======================================================================================================================================================================================
Sottoarea_59.Prodotto_1.Vendite
  N                                         505            504            503            502            501            500            499            498            497            496
  Mean absolute error                    0.2272         0.2261         0.2255         0.2258          0.226         0.2258         0.2248         0.2245         0.2243         0.2239
  Mean absolute percentage error        11.4998        11.4998        11.4846        11.5042        11.5042        11.4495        11.4495        11.4463        11.3945        11.3883
  Root mean squared error                0.3138         0.3121         0.3115         0.3118         0.3121          0.312         0.3106         0.3104         0.3104         0.3102
  Mean squared error                     0.0985         0.0974          0.097         0.0972         0.0974         0.0974         0.0965         0.0964         0.0964         0.0962

Total number of instances: 870


