=== Run information ===

Scheme:
	RandomForest -P 100 -I 300 -num-slots 1 -K 0 -M 1.0 -V 0.001 -S 1

Lagged and derived variable options:
	-F [Sottoarea_70.Prodotto_1.Vendite] -L 1 -M 365 -R "30, 60, 90, 365" -G Sottoarea_70.Prodotto_1.Data -dayofweek -weekend

Relation:     Prodotto1_Sottoarea_70-weka.filters.unsupervised.attribute.Remove-R1-6
Instances:    870
Attributes:   4
              Sottoarea_70.Prodotto_1.Data
              Sottoarea_70.Prodotto_1.Day
              Sottoarea_70.Prodotto_1.Season
              Sottoarea_70.Prodotto_1.Vendite

Transformed training data:

              Sottoarea_70.Prodotto_1.Vendite
              DayOfWeek
              Weekend
              Sottoarea_70.Prodotto_1.Data-remapped
              Lag_Sottoarea_70.Prodotto_1.Vendite-30
              Lag_Sottoarea_70.Prodotto_1.Vendite-60
              Lag_Sottoarea_70.Prodotto_1.Vendite-90
              Lag_Sottoarea_70.Prodotto_1.Vendite-365
              Sottoarea_70.Prodotto_1.Data-remapped^2
              Sottoarea_70.Prodotto_1.Data-remapped^3
              Sottoarea_70.Prodotto_1.Data-remapped*Lag_Sottoarea_70.Prodotto_1.Vendite-30
              Sottoarea_70.Prodotto_1.Data-remapped*Lag_Sottoarea_70.Prodotto_1.Vendite-60
              Sottoarea_70.Prodotto_1.Data-remapped*Lag_Sottoarea_70.Prodotto_1.Vendite-90
              Sottoarea_70.Prodotto_1.Data-remapped*Lag_Sottoarea_70.Prodotto_1.Vendite-365

Sottoarea_70.Prodotto_1.Vendite:
RandomForest

Bagging with 300 iterations and base learner

weka.classifiers.trees.RandomTree -K 0 -M 1.0 -V 0.001 -S 1 -do-not-check-capabilities

=== Predictions for training data: Sottoarea_70.Prodotto_1.Vendite (10-steps ahead) ===

      inst#       actual    predicted        error
        375            1       0.7484      -0.2516
        376            0         0.01         0.01
        377            8       6.8999      -1.1001
        378            4       3.9107      -0.0893
        379            8       6.6584      -1.3416
        380            6       5.6166      -0.3834
        381            3       3.6841       0.6841
        382            0       0.2995       0.2995
        383            0       0.0068       0.0068
        384            6        6.081        0.081
        385            5       4.9401      -0.0599
        386            6       6.0463       0.0463
        387            5       5.0359       0.0359
        388            6       5.3938      -0.6062
        389            0       0.1663       0.1663
        390            0       0.0974       0.0974
        391            7       6.4381      -0.5619
        392            6       5.6172      -0.3828
        393            7       6.5676      -0.4324
        394            5       5.3873       0.3873
        395            4       4.3984       0.3984
        396            0       0.1685       0.1685
        397            0       0.0234       0.0234
        398            7       6.3809      -0.6191
        399            4       4.5048       0.5048
        400            6       5.8524      -0.1476
        401            5        5.089        0.089
        402            6       5.7733      -0.2267
        403            0       0.1692       0.1692
        404            0            0            0
        405            7       6.6294      -0.3706
        406            5       4.9209      -0.0791
        407            7       6.3206      -0.6794
        408            6        5.806       -0.194
        409            5       4.9093      -0.0907
        410            0       0.2661       0.2661
        411            0       0.0066       0.0066
        412            6       5.4471      -0.5529
        413            5       4.8188      -0.1812
        414            4        4.284        0.284
        415            7       6.4297      -0.5703
        416            5       4.8126      -0.1874
        417            1       0.8209      -0.1791
        418            0       0.0179       0.0179
        419            4       4.2874       0.2874
        420            5       5.1494       0.1494
        421            4       4.4525       0.4525
        422            5       5.2766       0.2766
        423            4       4.3223       0.3223
        424            1       0.8251      -0.1749
        425            0       0.0201       0.0201
        426            5       4.7545      -0.2455
        427            5        4.974       -0.026
        428            6       5.8447      -0.1553
        429            5       4.9468      -0.0532
        430            5       4.7958      -0.2042
        431            0       0.2893       0.2893
        432            0       0.0663       0.0663
        433            5       5.0332       0.0332
        434            6       5.4679      -0.5321
        435            7       6.2164      -0.7836
        436            8       7.0272      -0.9728
        437            6       5.4374      -0.5626
        438            1       0.8417      -0.1583
        439            0       0.0802       0.0802
        440            4       4.3621       0.3621
        441            4       4.4993       0.4993
        442            6       5.6902      -0.3098
        443            4       3.4879      -0.5121
        444            5       4.0102      -0.9898
        445            0         0.12         0.12
        446            0       0.0145       0.0145
        447            6       5.7071      -0.2929
        448            4        3.872       -0.128
        449            7       6.1757      -0.8243
        450            5       5.1811       0.1811
        451            6       5.2776      -0.7224
        452            1       0.9229      -0.0771
        453            0       0.0963       0.0963
        454            6       5.7504      -0.2496
        455            4       4.4032       0.4032
        456            6       5.7473      -0.2527
        457            6       5.7341      -0.2659
        458            6       5.4025      -0.5975
        459            1       0.8881      -0.1119
        460            0       0.0471       0.0471
        461            0       2.1317       2.1317
        462            4       4.2696       0.2696
        463            5       5.0725       0.0725
        464            5       4.8232      -0.1768
        465            4       4.4507       0.4507
        466            1       0.8267      -0.1733
        467            1       0.5846      -0.4154
        468            4       4.2681       0.2681
        469            5       4.9377      -0.0623
        470            5       5.1011       0.1011
        471            5       5.2027       0.2027
        472            3         3.73         0.73
        473            0       0.2542       0.2542
        474            0       0.0034       0.0034
        475            4       4.1235       0.1235
        476            3       3.0413       0.0413
        477            3       3.5262       0.5262
        478            6       5.4942      -0.5058
        479            5       4.6566      -0.3434
        480            0       0.0473       0.0473
        481            0       0.0068       0.0068
        482            5       5.0226       0.0226
        483            6       5.4857      -0.5143
        484            4       4.1409       0.1409
        485            5       5.0248       0.0248
        486            0       1.1474       1.1474
        487            0       0.1003       0.1003
        488            0       0.0591       0.0591
        489            6       5.4872      -0.5128
        490            5        4.886       -0.114
        491            6       5.8324      -0.1676
        492            4       4.2904       0.2904
        493            4       3.9662      -0.0338
        494            1       0.8256      -0.1744
        495            0       0.0634       0.0634
        496            4       4.1232       0.1232
        497            4       4.4638       0.4638
        498            5       5.0599       0.0599
        499            4       4.0433       0.0433
        500            4       4.0523       0.0523
        501            0       0.3216       0.3216
        502            0       0.0666       0.0666
        503            6       5.6226      -0.3774
        504            6       5.5134      -0.4866
        505            4        4.512        0.512
        506            3       3.5116       0.5116
        507            4       3.9755      -0.0245
        508            1       0.7384      -0.2616
        509            1         0.66        -0.34
        510            5       4.7889      -0.2111
        511            5       5.0167       0.0167
        512            5       4.7982      -0.2018
        513            4       4.3193       0.3193
        514            4       4.0677       0.0677
        515            0       0.3046       0.3046
        516            1       0.6516      -0.3484
        517            3       3.5505       0.5505
        518            2       2.3322       0.3322
        519            4       4.3995       0.3995
        520            4       4.0286       0.0286
        521            4       4.3423       0.3423
        522            1       0.8366      -0.1634
        523            0       0.0633       0.0633
        524            4       4.2293       0.2293
        525            4       4.4862       0.4862
        526            6       5.5104      -0.4896
        527            5        4.913       -0.087
        528            3       3.3186       0.3186
        529            1         0.91        -0.09
        530            0       0.0366       0.0366
        531            5       4.8654      -0.1346
        532            5       4.8914      -0.1086
        533            5       4.7312      -0.2688
        534            2        2.954        0.954
        535            3       3.5429       0.5429
        536            0       0.2122       0.2122
        537            0       0.0233       0.0233
        538            5       4.7261      -0.2739
        539            7       6.0214      -0.9786
        540            3       3.7797       0.7797
        541            5       4.8184      -0.1816
        542            4        3.842       -0.158
        543            1        0.905       -0.095
        544            0       0.0034       0.0034
        545            5       4.8012      -0.1988
        546            6       5.9812      -0.0188
        547            5       5.0737       0.0737
        548            7       6.0991      -0.9009
        549            5        4.664       -0.336
        550            1       0.8507      -0.1493
        551            0       0.0734       0.0734
        552            6       5.7309      -0.2691
        553            5       4.6759      -0.3241
        554            5       4.9962      -0.0038
        555            4       4.1987       0.1987
        556            3       3.3904       0.3904
        557            1       0.7839      -0.2161
        558            0         0.01         0.01
        559            6       5.6506      -0.3494
        560            3       3.7428       0.7428
        561            5       4.9796      -0.0204
        562            5       4.8746      -0.1254
        563            6       5.2402      -0.7598
        564            0       0.1342       0.1342
        565            0       0.0034       0.0034
        566            5       4.8726      -0.1274
        567            5       4.7733      -0.2267
        568            6       5.6563      -0.3437
        569            5        4.585       -0.415
        570            4       4.0142       0.0142
        571            0       0.2595       0.2595
        572            0       0.0001       0.0001
        573            4       4.2749       0.2749
        574            4       4.2233       0.2233
        575            5       4.8979      -0.1021
        576            4       4.2626       0.2626
        577            5       4.6215      -0.3785
        578            1       0.7787      -0.2213
        579            0       0.0033       0.0033
        580            5       4.7552      -0.2448
        581            4       4.0577       0.0577
        582            4       3.4779      -0.5221
        583            3       3.3943       0.3943
        584            4       3.6021      -0.3979
        585            0       0.0927       0.0927
        586            0       0.0215       0.0215
        587            2        2.675        0.675
        588            3       3.0206       0.0206
        589            2       2.6427       0.6427
        590            2       2.5156       0.5156
        591            1       1.5749       0.5749
        592            0       0.0333       0.0333
        593            0       0.0364       0.0364
        594            3       3.4738       0.4738
        595            3        3.161        0.161
        596            3       3.2856       0.2856
        597            2       2.3975       0.3975
        598            2       2.5832       0.5832
        599            0       0.1004       0.1004
        600            0       0.0084       0.0084
        601            2       2.7793       0.7793
        602            2       2.7173       0.7173
        603            3       3.2512       0.2512
        604            3       2.9963      -0.0037
        605            3       3.4823       0.4823
        606            0       0.0916       0.0916
        607            0       0.0417       0.0417
        608            4       4.0306       0.0306
        609            4       4.2052       0.2052
        610            5       4.9572      -0.0428
        611            4       4.1617       0.1617
        612            4       4.1308       0.1308
        613            0        0.192        0.192
        614            0        0.015        0.015
        615            4       4.2105       0.2105
        616            4       4.2455       0.2455
        617            5        5.177        0.177
        618            5       5.0388       0.0388
        619            4       4.0191       0.0191
        620            0       0.0869       0.0869
        621            0       0.0501       0.0501
        622            5       4.5443      -0.4557
        623            6       4.9707      -1.0293
        624            7        6.288       -0.712
        625            5       5.1868       0.1868
        626            4       4.1347       0.1347
        627            0       0.1145       0.1145
        628            0       0.0903       0.0903
        629            5       4.8401      -0.1599
        630            6       5.6305      -0.3695
        631            5       5.2044       0.2044
        632            6       5.6753      -0.3247
        633            5       4.6813      -0.3187
        634            1       0.7467      -0.2533
        635            0       0.0034       0.0034
        636            4       4.2699       0.2699
        637            5       4.9833      -0.0167
        638            6       5.7842      -0.2158
        639            7       6.3376      -0.6624
        640            5       4.9042      -0.0958
        641            1       0.8735      -0.1265
        642            0       0.0134       0.0134
        643            5       4.9279      -0.0721
        644            5        4.946       -0.054
        645            5       5.2575       0.2575
        646            8        7.207       -0.793
        647            4       4.3723       0.3723
        648            0       0.4616       0.4616
        649            0        0.078        0.078
        650            4       4.4379       0.4379
        651            7       6.5871      -0.4129
        652            6       5.7991      -0.2009
        653            5       5.2878       0.2878
        654            5       4.9273      -0.0727
        655            2       1.3155      -0.6845
        656            0       0.0094       0.0094
        657            6       5.4079      -0.5921
        658            5       5.2815       0.2815
        659            6       5.8256      -0.1744
        660            7        6.407       -0.593
        661            4       4.3179       0.3179
        662            1       0.9966      -0.0034
        663            0         0.01         0.01
        664            6       5.6472      -0.3528
        665            6       5.5992      -0.4008
        666            6       5.6466      -0.3534
        667            6       5.7567      -0.2433
        668            5       4.8628      -0.1372
        669            1         1.01         0.01
        670            0       0.0001       0.0001
        671            5       4.7444      -0.2556
        672            6       5.5969      -0.4031
        673            5        5.114        0.114
        674            6       5.8484      -0.1516
        675            5       5.0403       0.0403
        676            1         1.02         0.02
        677            0       0.1908       0.1908
        678            5       5.0645       0.0645
        679            4       4.6882       0.6882
        680            4       4.5038       0.5038
        681            4       4.6404       0.6404
        682            6       5.6377      -0.3623
        683            1       0.8967      -0.1033
        684            0       0.1157       0.1157
        685            6       4.5809      -1.4191
        686            6       5.7927      -0.2073
        687            5       4.8951      -0.1049
        688            5       5.1815       0.1815
        689            4       4.5927       0.5927
        690            1       0.9833      -0.0167
        691            1       0.6284      -0.3716
        692            5        4.736       -0.264
        693            7       6.4074      -0.5926
        694            4       4.4222       0.4222
        695            6       5.2969      -0.7031
        696            6       5.6922      -0.3078
        697            1       0.9934      -0.0066
        698            0       0.0565       0.0565
        699            5        4.673       -0.327
        700            5        5.083        0.083
        701            6       5.7095      -0.2905
        702            5       5.0799       0.0799
        703            7       6.4021      -0.5979
        704            1       0.9934      -0.0066
        705            0       0.0461       0.0461
        706            2       3.0775       1.0775
        707            0       0.9941       0.9941
        708            7       6.3022      -0.6978
        709            5       5.0365       0.0365
        710            5       4.9844      -0.0156
        711            1        0.825       -0.175
        712            1       0.6188      -0.3812
        713            5       4.7088      -0.2912
        714            6       5.5874      -0.4126
        715            5       5.2217       0.2217
        716            5       4.8766      -0.1234
        717            5       5.1393       0.1393
        718            0       0.2779       0.2779
        719            0         0.04         0.04
        720            5       4.6719      -0.3281
        721            2       3.1625       1.1625
        722            4       4.5726       0.5726
        723            3       3.2834       0.2834
        724            1       1.2824       0.2824
        725            0       0.2434       0.2434
        726            0       0.1138       0.1138
        727            4          3.8         -0.2
        728            3       3.3825       0.3825
        729            1       2.4554       1.4554
        730            2       2.8752       0.8752
        731            0        0.861        0.861
        732            0       0.3235       0.3235
        733            0       0.0817       0.0817
        734            3       3.3823       0.3823
        735            3       3.1873       0.1873
        736            0       1.4471       1.4471
        737            5       4.9083      -0.0917
        738            5         4.98        -0.02
        739            1          0.9         -0.1
        740            0            0            0
        741            4       4.4585       0.4585
        742            6       5.1825      -0.8175
        743            7       6.0509      -0.9491
        744            5       4.6867      -0.3133
        745            4       4.0285       0.0285
        746            1       0.8067      -0.1933
        747            0       0.0001       0.0001
        748            6       5.7217      -0.2783
        749            4        4.376        0.376
        750            5       4.4479      -0.5521
        751            4       4.2231       0.2231
        752            5       4.7257      -0.2743
        753            1       0.9345      -0.0655
        754            0       0.0412       0.0412
        755            9         7.57        -1.43
        756            4       4.3041       0.3041
        757            7       6.0879      -0.9121
        758            3        3.536        0.536
        759            4        4.329        0.329
        760            1          0.8         -0.2
        761            0       0.1859       0.1859
        762            6       6.0441       0.0441
        763            4        4.135        0.135
        764            3       3.9902       0.9902
        765            4       3.9854      -0.0146
        766            8       6.6523      -1.3477
        767            0       0.2727       0.2727
        768            0       0.0167       0.0167
        769            5        4.942       -0.058
        770            5       4.7577      -0.2423
        771            6       5.8217      -0.1783
        772            4       4.3665       0.3665
        773            5       4.7275      -0.2725
        774            1       0.9167      -0.0833
        775            0       0.0001       0.0001
        776            5       5.2479       0.2479
        777            5       4.8378      -0.1622
        778            5       5.1188       0.1188
        779            5       4.7334      -0.2666
        780            3       3.6073       0.6073
        781            0       0.1893       0.1893
        782            0       0.0033       0.0033
        783            6       5.5442      -0.4558
        784            7       6.7169      -0.2831
        785            4       4.3961       0.3961
        786            5       4.6559      -0.3441
        787            5        4.841       -0.159
        788            2       1.4252      -0.5748
        789            0       0.0259       0.0259
        790            5       5.0291       0.0291
        791            7       6.5418      -0.4582
        792            6       5.6339      -0.3661
        793            4       4.4956       0.4956
        794            3       3.5803       0.5803
        795            0        0.446        0.446
        796            0       0.1174       0.1174
        797            7       5.6134      -1.3866
        798            6       5.6774      -0.3226
        799            7       6.5348      -0.4652
        800            5       4.9117      -0.0883
        801            5       4.7725      -0.2275
        802            0       0.1773       0.1773
        803            0         0.01         0.01
        804            6       5.6806      -0.3194
        805            7       5.9125      -1.0875
        806            5       5.5147       0.5147
        807            5       4.8767      -0.1233
        808            5       5.0369       0.0369
        809            1       0.9633      -0.0367
        810            0       0.0001       0.0001
        811            3       3.9511       0.9511
        812            1       2.6592       1.6592
        813            6       5.9547      -0.0453
        814            6       5.3688      -0.6312
        815            5       5.0207       0.0207
        816            1       0.8483      -0.1517
        817            0       0.0167       0.0167
        818            0       1.5576       1.5576
        819            6       5.3747      -0.6253
        820            7       6.3931      -0.6069
        821            4       4.3234       0.3234
        822            5       5.0069       0.0069
        823            0       0.2704       0.2704
        824            0            0            0
        825            6       5.3762      -0.6238
        826            6       5.1109      -0.8891
        827            5       5.1519       0.1519
        828            4       4.3132       0.3132
        829            4       4.1007       0.1007
        830            1       0.9767      -0.0233
        831            0            0            0
        832            5       5.1447       0.1447
        833            5       4.7748      -0.2252
        834            7       6.4912      -0.5088
        835            4        4.317        0.317
        836            3        3.441        0.441
        837            1        0.995       -0.005
        838            0       0.0066       0.0066
        839            4       3.3753      -0.6247
        840            3        4.077        1.077
        841            3       3.5555       0.5555
        842            4       3.9998      -0.0002
        843            4       4.0977       0.0977
        844            1         1.05         0.05
        845            0       0.0899       0.0899
        846            0       1.5208       1.5208
        847            5       4.7938      -0.2062
        848            5       5.3153       0.3153
        849            5         4.84        -0.16
        850            5       4.6936      -0.3064
        851            2       1.4649      -0.5351
        852            0       0.0632       0.0632
        853            5       4.4707      -0.5293
        854            7       5.9738      -1.0262
        855            6       5.6354      -0.3646
        856            7        5.999       -1.001
        857            6       5.6139      -0.3861
        858            1       0.8635      -0.1365
        859            0       0.0301       0.0301
        860            5       4.6784      -0.3216
        861            4       4.3044       0.3044
        862            4        4.587        0.587
        863            5         4.93        -0.07
        864            5       4.8338      -0.1662
        865            0       0.4169       0.4169
        866            0       0.0234       0.0234
        867            5       4.6718      -0.3282
        868            4        4.061        0.061
        869            6       5.9184      -0.0816
        870            2       2.9585       0.9585
        871            ?       4.0256            ?
        872            ?       0.4475            ?
        873            ?       0.0134            ?
        874            ?       5.1656            ?
        875            ?       3.5791            ?
        876            ?       5.4431            ?
        877            ?       4.0933            ?
        878            ?       4.6438            ?
        879            ?       0.6669            ?

=== Future predictions from end of training data ===
Time        Sottoarea_70.Prodotto_1.Vendite 
2014-01-01                                0 
2014-01-02                                3 
2014-01-03                                2 
2014-01-04                                1 
2014-01-05                                0 
2014-01-06                                0 
2014-01-07                                4 
2014-01-08                                5 
2014-01-09                                5 
2014-01-10                                6 
2014-01-11                                1 
2014-01-12                                1 
2014-01-13                                4 
2014-01-14                                6 
2014-01-15                                5 
2014-01-16                                6 
2014-01-17                                6 
2014-01-18                                2 
2014-01-19                                0 
2014-01-20                                5 
2014-01-21                                6 
2014-01-22                                5 
2014-01-23                                7 
2014-01-24                                7 
2014-01-25                                3 
2014-01-26                                0 
2014-01-27                                7 
2014-01-28                                6 
2014-01-29                                5 
2014-01-30                                6 
2014-01-31                                3 
2014-02-01                                2 
2014-02-02                                0 
2014-02-03                                5 
2014-02-04                                5 
2014-02-05                                6 
2014-02-06                                7 
2014-02-07                                6 
2014-02-08                                1 
2014-02-09                                0 
2014-02-10                                6 
2014-02-11                                6 
2014-02-12                                8 
2014-02-13                                8 
2014-02-14                                6 
2014-02-15                                2 
2014-02-16                                0 
2014-02-17                                6 
2014-02-18                                5 
2014-02-19                                7 
2014-02-20                                5 
2014-02-21                                5 
2014-02-22                                1 
2014-02-23                                0 
2014-02-24                                5 
2014-02-25                                5 
2014-02-26                                6 
2014-02-27                                6 
2014-02-28                                5 
2014-03-01                                1 
2014-03-02                                0 
2014-03-03                                5 
2014-03-04                                7 
2014-03-05                                4 
2014-03-06                                6 
2014-03-07                                6 
2014-03-08                                1 
2014-03-09                                0 
2014-03-10                                5 
2014-03-11                                6 
2014-03-12                                5 
2014-03-13                                5 
2014-03-14                                7 
2014-03-15                                1 
2014-03-16                                0 
2014-03-17                                5 
2014-03-18                                6 
2014-03-19                                0 
2014-03-20                                0 
2014-03-21                                0 
2014-03-22                                0 
2014-03-23                                0 
2014-03-24                                0 
2014-03-25                                0 
2014-03-26                                6 
2014-03-27                                7 
2014-03-28                                6 
2014-03-29                                1 
2014-03-30                                1 
2014-03-31                                6 
2014-04-01                                6 
2014-04-02                                7 
2014-04-03                                7 
2014-04-04                                6 
2014-04-05                                1 
2014-04-06                                0 
2014-04-07                                4 
2014-04-08                                7 
2014-04-09                                7 
2014-04-10                                6 
2014-04-11                                5 
2014-04-12                                1 
2014-04-13                                0 
2014-04-14                                4 
2014-04-15                                5 
2014-04-16                                7 
2014-04-17                                7 
2014-04-18                                5 
2014-04-19                                1 
2014-04-20                                0 
2014-04-21                                0 
2014-04-22                                4 
2014-04-23                                4 
2014-04-24                                6 
2014-04-25                                1 
2014-04-26                                0 
2014-04-27                                0 
2014-04-28                                4 
2014-04-29                                5 
2014-04-30                                6 
2014-05-01                                1 
2014-05-02                                3 
2014-05-03                                2 
2014-05-04                                0 
2014-05-05                                5 
2014-05-06                                6 
2014-05-07                                5 
2014-05-08                                8 
2014-05-09                                7 
2014-05-10                                1 
2014-05-11                                0 
2014-05-12                                6 
2014-05-13                                6 
2014-05-14                                7 
2014-05-15                                5 
2014-05-16                                5 
2014-05-17                                1 
2014-05-18                                0 
2014-05-19                                4 
2014-05-20                                5 
2014-05-21                                6 
2014-05-22                                6 
2014-05-23                                5 
2014-05-24                                1 
2014-05-25                                1 
2014-05-26                                4 
2014-05-27                                6 
2014-05-28                                9 
2014-05-29                                7 
2014-05-30                                7 
2014-05-31                                2 
2014-06-01                                0 
2014-06-02                                0 
2014-06-03                                6 
2014-06-04                                7 
2014-06-05                                5 
2014-06-06                                5 
2014-06-07                                2 
2014-06-08                                0 
2014-06-09                                5 
2014-06-10                                5 
2014-06-11                                4 
2014-06-12                                5 
2014-06-13                                5 
2014-06-14                                1 
2014-06-15                                1 
2014-06-16                                6 
2014-06-17                                5 
2014-06-18                                6 
2014-06-19                                6 
2014-06-20                                6 
2014-06-21                                2 
2014-06-22                                0 
2014-06-23                                6 
2014-06-24                                6 
2014-06-25                                7 
2014-06-26                                5 
2014-06-27                                5 
2014-06-28                                2 
2014-06-29                                0 
2014-06-30                                6 
2014-07-01                                6 
2014-07-02                                8 
2014-07-03                                7 
2014-07-04                                7 
2014-07-05                                1 
2014-07-06                                2 
2014-07-07                                7 
2014-07-08                                5 
2014-07-09                                5 
2014-07-10                                5 
2014-07-11                                5 
2014-07-12                                2 
2014-07-13                                0 
2014-07-14                                6 
2014-07-15                                5 
2014-07-16                                5 
2014-07-17                                4 
2014-07-18                                5 
2014-07-19                                2 
2014-07-20                                0 
2014-07-21                                4 
2014-07-22                                6 
2014-07-23                                4 
2014-07-24                                5 
2014-07-25                                5 
2014-07-26                                2 
2014-07-27                                0 
2014-07-28                                4 
2014-07-29                                4 
2014-07-30                                5 
2014-07-31                                6 
2014-08-01                                3 
2014-08-02                                2 
2014-08-03                                0 
2014-08-04                                5 
2014-08-05                                3 
2014-08-06                                4 
2014-08-07                                3 
2014-08-08                                3 
2014-08-09                                1 
2014-08-10                                0 
2014-08-11                                2 
2014-08-12                                3 
2014-08-13                                2 
2014-08-14                                2 
2014-08-15                                0 
2014-08-16                                0 
2014-08-17                                0 
2014-08-18                                2 
2014-08-19                                3 
2014-08-20                                3 
2014-08-21                                3 
2014-08-22                                3 
2014-08-23                                1 
2014-08-24                                0 
2014-08-25                                3 
2014-08-26                                3 
2014-08-27                                3 
2014-08-28                                4 
2014-08-29                                3 
2014-08-30                                1 
2014-08-31                                0 
2014-09-01                                4 
2014-09-02                                4 
2014-09-03                                4 
2014-09-04                                4 
2014-09-05                                5 
2014-09-06                                1 
2014-09-07                                0 
2014-09-08                                4 
2014-09-09                                5 
2014-09-10                                7 
2014-09-11                                5 
2014-09-12                                4 
2014-09-13                                1 
2014-09-14                                0 
2014-09-15                                3 
2014-09-16                                4 
2014-09-17                                5 
2014-09-18                                5 
2014-09-19                                4 
2014-09-20                                2 
2014-09-21                                0 
2014-09-22                                5 
2014-09-23                                7 
2014-09-24                                5 
2014-09-25                                6 
2014-09-26                                5 
2014-09-27                                2 
2014-09-28                                1 
2014-09-29                                4 
2014-09-30                                6 
2014-10-01                                5 
2014-10-02                                6 
2014-10-03                                6 
2014-10-04                                2 
2014-10-05                                0 
2014-10-06                                4 
2014-10-07                                7 
2014-10-08                                6 
2014-10-09                                5 
2014-10-10                                8 
2014-10-11                                3 
2014-10-12                                0 
2014-10-13                                6 
2014-10-14                                4 
2014-10-15                                8 
2014-10-16                                6 
2014-10-17                                7 
2014-10-18                                2 
2014-10-19                                1 
2014-10-20                                6 
2014-10-21                                7 
2014-10-22                                6 
2014-10-23                                8 
2014-10-24                                7 
2014-10-25                                1 
2014-10-26                                0 
2014-10-27                                7 
2014-10-28                                8 
2014-10-29                                7 
2014-10-30                                9 
2014-10-31                                5 
2014-11-01                                1 
2014-11-02                                0 
2014-11-03                                5 
2014-11-04                                6 
2014-11-05                                6 
2014-11-06                                6 
2014-11-07                                6 
2014-11-08                                2 
2014-11-09                                0 
2014-11-10                                6 
2014-11-11                                6 
2014-11-12                                6 
2014-11-13                                6 
2014-11-14                                5 
2014-11-15                                1 
2014-11-16                                0 
2014-11-17                                6 
2014-11-18                                5 
2014-11-19                                5 
2014-11-20                                5 
2014-11-21                                5 
2014-11-22                                2 
2014-11-23                                0 
2014-11-24                                5 
2014-11-25                                4 
2014-11-26                                4 
2014-11-27                                6 
2014-11-28                                5 
2014-11-29                                2 
2014-11-30                                1 
2014-12-01                                6 
2014-12-02                                6 
2014-12-03                                5 
2014-12-04                                6 
2014-12-05                                5 
2014-12-06                                2 
2014-12-07                                1 
2014-12-08                                0 
2014-12-09                                4 
2014-12-10                                6 
2014-12-11                                5 
2014-12-12                                4 
2014-12-13                                1 
2014-12-14                                1 
2014-12-15                                5 
2014-12-16                                5 
2014-12-17                                5 
2014-12-18                                8 
2014-12-19                                7 
2014-12-20                                1 
2014-12-21                                0 
2014-12-22                                4 
2014-12-23                                4 
2014-12-24                                4 
2014-12-25                                1 
2014-12-26                                0 
2014-12-27                                1 
2014-12-28                                0 
2014-12-29                                3 
2014-12-30                                5 
2014-12-31                                4 
2015-01-01                                0 
2015-01-02                                4 
2015-01-03                                0 
2015-01-04                                0 
2015-01-05                                3 
2015-01-06                                0 
2015-01-07                                6 
2015-01-08                                4 
2015-01-09                                5 
2015-01-10                                1 
2015-01-11                                0 
2015-01-12                                8 
2015-01-13                                4 
2015-01-14                                8 
2015-01-15                                6 
2015-01-16                                3 
2015-01-17                                0 
2015-01-18                                0 
2015-01-19                                6 
2015-01-20                                5 
2015-01-21                                6 
2015-01-22                                5 
2015-01-23                                6 
2015-01-24                                0 
2015-01-25                                0 
2015-01-26                                7 
2015-01-27                                6 
2015-01-28                                7 
2015-01-29                                5 
2015-01-30                                4 
2015-01-31                                0 
2015-02-01                                0 
2015-02-02                                7 
2015-02-03                                4 
2015-02-04                                6 
2015-02-05                                5 
2015-02-06                                6 
2015-02-07                                0 
2015-02-08                                0 
2015-02-09                                7 
2015-02-10                                5 
2015-02-11                                7 
2015-02-12                                6 
2015-02-13                                5 
2015-02-14                                0 
2015-02-15                                0 
2015-02-16                                6 
2015-02-17                                5 
2015-02-18                                4 
2015-02-19                                7 
2015-02-20                                5 
2015-02-21                                1 
2015-02-22                                0 
2015-02-23                                4 
2015-02-24                                5 
2015-02-25                                4 
2015-02-26                                5 
2015-02-27                                4 
2015-02-28                                1 
2015-03-01                                0 
2015-03-02                                5 
2015-03-03                                5 
2015-03-04                                6 
2015-03-05                                5 
2015-03-06                                5 
2015-03-07                                0 
2015-03-08                                0 
2015-03-09                                5 
2015-03-10                                6 
2015-03-11                                7 
2015-03-12                                8 
2015-03-13                                6 
2015-03-14                                1 
2015-03-15                                0 
2015-03-16                                4 
2015-03-17                                4 
2015-03-18                                6 
2015-03-19                                4 
2015-03-20                                5 
2015-03-21                                0 
2015-03-22                                0 
2015-03-23                                6 
2015-03-24                                4 
2015-03-25                                7 
2015-03-26                                5 
2015-03-27                                6 
2015-03-28                                1 
2015-03-29                                0 
2015-03-30                                6 
2015-03-31                                4 
2015-04-01                                6 
2015-04-02                                6 
2015-04-03                                6 
2015-04-04                                1 
2015-04-05                                0 
2015-04-06                                0 
2015-04-07                                4 
2015-04-08                                5 
2015-04-09                                5 
2015-04-10                                4 
2015-04-11                                1 
2015-04-12                                1 
2015-04-13                                4 
2015-04-14                                5 
2015-04-15                                5 
2015-04-16                                5 
2015-04-17                                3 
2015-04-18                                0 
2015-04-19                                0 
2015-04-20                                4 
2015-04-21                                3 
2015-04-22                                3 
2015-04-23                                6 
2015-04-24                                5 
2015-04-25                                0 
2015-04-26                                0 
2015-04-27                                5 
2015-04-28                                6 
2015-04-29                                4 
2015-04-30                                5 
2015-05-01                                0 
2015-05-02                                0 
2015-05-03                                0 
2015-05-04                                6 
2015-05-05                                5 
2015-05-06                                6 
2015-05-07                                4 
2015-05-08                                4 
2015-05-09                                1 
2015-05-10                                0 
2015-05-11                                4 
2015-05-12                                4 
2015-05-13                                5 
2015-05-14                                4 
2015-05-15                                4 
2015-05-16                                0 
2015-05-17                                0 
2015-05-18                                6 
2015-05-19                                6 
2015-05-20                                4 
2015-05-21                                3 
2015-05-22                                4 
2015-05-23                                1 
2015-05-24                                1 
2015-05-25                                5 
2015-05-26                                5 
2015-05-27                                5 
2015-05-28                                4 
2015-05-29                                4 
2015-05-30                                0 
2015-05-31                                1 
2015-06-01                                3 
2015-06-02                                2 
2015-06-03                                4 
2015-06-04                                4 
2015-06-05                                4 
2015-06-06                                1 
2015-06-07                                0 
2015-06-08                                4 
2015-06-09                                4 
2015-06-10                                6 
2015-06-11                                5 
2015-06-12                                3 
2015-06-13                                1 
2015-06-14                                0 
2015-06-15                                5 
2015-06-16                                5 
2015-06-17                                5 
2015-06-18                                2 
2015-06-19                                3 
2015-06-20                                0 
2015-06-21                                0 
2015-06-22                                5 
2015-06-23                                7 
2015-06-24                                3 
2015-06-25                                5 
2015-06-26                                4 
2015-06-27                                1 
2015-06-28                                0 
2015-06-29                                5 
2015-06-30                                6 
2015-07-01                                5 
2015-07-02                                7 
2015-07-03                                5 
2015-07-04                                1 
2015-07-05                                0 
2015-07-06                                6 
2015-07-07                                5 
2015-07-08                                5 
2015-07-09                                4 
2015-07-10                                3 
2015-07-11                                1 
2015-07-12                                0 
2015-07-13                                6 
2015-07-14                                3 
2015-07-15                                5 
2015-07-16                                5 
2015-07-17                                6 
2015-07-18                                0 
2015-07-19                                0 
2015-07-20                                5 
2015-07-21                                5 
2015-07-22                                6 
2015-07-23                                5 
2015-07-24                                4 
2015-07-25                                0 
2015-07-26                                0 
2015-07-27                                4 
2015-07-28                                4 
2015-07-29                                5 
2015-07-30                                4 
2015-07-31                                5 
2015-08-01                                1 
2015-08-02                                0 
2015-08-03                                5 
2015-08-04                                4 
2015-08-05                                4 
2015-08-06                                3 
2015-08-07                                4 
2015-08-08                                0 
2015-08-09                                0 
2015-08-10                                2 
2015-08-11                                3 
2015-08-12                                2 
2015-08-13                                2 
2015-08-14                                1 
2015-08-15                                0 
2015-08-16                                0 
2015-08-17                                3 
2015-08-18                                3 
2015-08-19                                3 
2015-08-20                                2 
2015-08-21                                2 
2015-08-22                                0 
2015-08-23                                0 
2015-08-24                                2 
2015-08-25                                2 
2015-08-26                                3 
2015-08-27                                3 
2015-08-28                                3 
2015-08-29                                0 
2015-08-30                                0 
2015-08-31                                4 
2015-09-01                                4 
2015-09-02                                5 
2015-09-03                                4 
2015-09-04                                4 
2015-09-05                                0 
2015-09-06                                0 
2015-09-07                                4 
2015-09-08                                4 
2015-09-09                                5 
2015-09-10                                5 
2015-09-11                                4 
2015-09-12                                0 
2015-09-13                                0 
2015-09-14                                5 
2015-09-15                                6 
2015-09-16                                7 
2015-09-17                                5 
2015-09-18                                4 
2015-09-19                                0 
2015-09-20                                0 
2015-09-21                                5 
2015-09-22                                6 
2015-09-23                                5 
2015-09-24                                6 
2015-09-25                                5 
2015-09-26                                1 
2015-09-27                                0 
2015-09-28                                4 
2015-09-29                                5 
2015-09-30                                6 
2015-10-01                                7 
2015-10-02                                5 
2015-10-03                                1 
2015-10-04                                0 
2015-10-05                                5 
2015-10-06                                5 
2015-10-07                                5 
2015-10-08                                8 
2015-10-09                                4 
2015-10-10                                0 
2015-10-11                                0 
2015-10-12                                4 
2015-10-13                                7 
2015-10-14                                6 
2015-10-15                                5 
2015-10-16                                5 
2015-10-17                                2 
2015-10-18                                0 
2015-10-19                                6 
2015-10-20                                5 
2015-10-21                                6 
2015-10-22                                7 
2015-10-23                                4 
2015-10-24                                1 
2015-10-25                                0 
2015-10-26                                6 
2015-10-27                                6 
2015-10-28                                6 
2015-10-29                                6 
2015-10-30                                5 
2015-10-31                                1 
2015-11-01                                0 
2015-11-02                                5 
2015-11-03                                6 
2015-11-04                                5 
2015-11-05                                6 
2015-11-06                                5 
2015-11-07                                1 
2015-11-08                                0 
2015-11-09                                5 
2015-11-10                                4 
2015-11-11                                4 
2015-11-12                                4 
2015-11-13                                6 
2015-11-14                                1 
2015-11-15                                0 
2015-11-16                                6 
2015-11-17                                6 
2015-11-18                                5 
2015-11-19                                5 
2015-11-20                                4 
2015-11-21                                1 
2015-11-22                                1 
2015-11-23                                5 
2015-11-24                                7 
2015-11-25                                4 
2015-11-26                                6 
2015-11-27                                6 
2015-11-28                                1 
2015-11-29                                0 
2015-11-30                                5 
2015-12-01                                5 
2015-12-02                                6 
2015-12-03                                5 
2015-12-04                                7 
2015-12-05                                1 
2015-12-06                                0 
2015-12-07                                2 
2015-12-08                                0 
2015-12-09                                7 
2015-12-10                                5 
2015-12-11                                5 
2015-12-12                                1 
2015-12-13                                1 
2015-12-14                                5 
2015-12-15                                6 
2015-12-16                                5 
2015-12-17                                5 
2015-12-18                                5 
2015-12-19                                0 
2015-12-20                                0 
2015-12-21                                5 
2015-12-22                                2 
2015-12-23                                4 
2015-12-24                                3 
2015-12-25                                1 
2015-12-26                                0 
2015-12-27                                0 
2015-12-28                                4 
2015-12-29                                3 
2015-12-30                                1 
2015-12-31                                2 
2016-01-01                                0 
2016-01-02                                0 
2016-01-03                                0 
2016-01-04                                3 
2016-01-05                                3 
2016-01-06                                0 
2016-01-07                                5 
2016-01-08                                5 
2016-01-09                                1 
2016-01-10                                0 
2016-01-11                                4 
2016-01-12                                6 
2016-01-13                                7 
2016-01-14                                5 
2016-01-15                                4 
2016-01-16                                1 
2016-01-17                                0 
2016-01-18                                6 
2016-01-19                                4 
2016-01-20                                5 
2016-01-21                                4 
2016-01-22                                5 
2016-01-23                                1 
2016-01-24                                0 
2016-01-25                                9 
2016-01-26                                4 
2016-01-27                                7 
2016-01-28                                3 
2016-01-29                                4 
2016-01-30                                1 
2016-01-31                                0 
2016-02-01                                6 
2016-02-02                                4 
2016-02-03                                3 
2016-02-04                                4 
2016-02-05                                8 
2016-02-06                                0 
2016-02-07                                0 
2016-02-08                                5 
2016-02-09                                5 
2016-02-10                                6 
2016-02-11                                4 
2016-02-12                                5 
2016-02-13                                1 
2016-02-14                                0 
2016-02-15                                5 
2016-02-16                                5 
2016-02-17                                5 
2016-02-18                                5 
2016-02-19                                3 
2016-02-20                                0 
2016-02-21                                0 
2016-02-22                                6 
2016-02-23                                7 
2016-02-24                                4 
2016-02-25                                5 
2016-02-26                                5 
2016-02-27                                2 
2016-02-28                                0 
2016-02-29                                5 
2016-03-01                                7 
2016-03-02                                6 
2016-03-03                                4 
2016-03-04                                3 
2016-03-05                                0 
2016-03-06                                0 
2016-03-07                                7 
2016-03-08                                6 
2016-03-09                                7 
2016-03-10                                5 
2016-03-11                                5 
2016-03-12                                0 
2016-03-13                                0 
2016-03-14                                6 
2016-03-15                                7 
2016-03-16                                5 
2016-03-17                                5 
2016-03-18                                5 
2016-03-19                                1 
2016-03-20                                0 
2016-03-21                                3 
2016-03-22                                1 
2016-03-23                                6 
2016-03-24                                6 
2016-03-25                                5 
2016-03-26                                1 
2016-03-27                                0 
2016-03-28                                0 
2016-03-29                                6 
2016-03-30                                7 
2016-03-31                                4 
2016-04-01                                5 
2016-04-02                                0 
2016-04-03                                0 
2016-04-04                                6 
2016-04-05                                6 
2016-04-06                                5 
2016-04-07                                4 
2016-04-08                                4 
2016-04-09                                1 
2016-04-10                                0 
2016-04-11                                5 
2016-04-12                                5 
2016-04-13                                7 
2016-04-14                                4 
2016-04-15                                3 
2016-04-16                                1 
2016-04-17                                0 
2016-04-18                                4 
2016-04-19                                3 
2016-04-20                                3 
2016-04-21                                4 
2016-04-22                                4 
2016-04-23                                1 
2016-04-24                                0 
2016-04-25                                0 
2016-04-26                                5 
2016-04-27                                5 
2016-04-28                                5 
2016-04-29                                5 
2016-04-30                                2 
2016-05-01                                0 
2016-05-02                                5 
2016-05-03                                7 
2016-05-04                                6 
2016-05-05                                7 
2016-05-06                                6 
2016-05-07                                1 
2016-05-08                                0 
2016-05-09                                5 
2016-05-10                                4 
2016-05-11                                4 
2016-05-12                                5 
2016-05-13                                5 
2016-05-14                                0 
2016-05-15                                0 
2016-05-16                                5 
2016-05-17                                4 
2016-05-18                                6 
2016-05-19                                2 
2016-05-20*                           4.0256 
2016-05-21*                           0.4475 
2016-05-22*                           0.0134 
2016-05-23*                           5.1656 
2016-05-24*                           3.5791 
2016-05-25*                           5.4431 
2016-05-26*                           4.0933 
2016-05-27*                           4.6438 
2016-05-28*                           0.6669 
2016-05-29*                           0.1297 

=== Evaluation on training data ===
Target                             1-step-ahead  2-steps-ahead  3-steps-ahead  4-steps-ahead  5-steps-ahead  6-steps-ahead  7-steps-ahead  8-steps-ahead  9-steps-ahead 10-steps-ahead
======================================================================================================================================================================================
Sottoarea_70.Prodotto_1.Vendite
  N                                         505            504            503            502            501            500            499            498            497            496
  Mean absolute error                    0.3123         0.3094         0.3099         0.3098         0.3104         0.3103         0.3079         0.3082         0.3082         0.3078
  Mean absolute percentage error         9.8849         9.8849         9.9065         9.9065         9.9065          9.903          9.903         9.9202         9.9267         9.9265
  Root mean squared error                 0.448         0.4412         0.4417         0.4418         0.4423         0.4425         0.4377          0.438         0.4383         0.4381
  Mean squared error                     0.2007         0.1947         0.1951         0.1952         0.1956         0.1958         0.1916         0.1919         0.1921          0.192

Total number of instances: 870

