=== Run information ===

Scheme:
	RandomForest -P 100 -I 300 -num-slots 1 -K 0 -M 1.0 -V 0.001 -S 1

Lagged and derived variable options:
	-F [Sottoarea_74.Prodotto_2.Vendite] -L 1 -M 365 -R 30,60,90,365 -G Sottoarea_74.Prodotto_2.Data -dayofweek -weekend

Relation:     Prodotto2_Sottoarea_74-weka.filters.unsupervised.attribute.Remove-R1-6
Instances:    870
Attributes:   4
              Sottoarea_74.Prodotto_2.Data
              Sottoarea_74.Prodotto_2.Day
              Sottoarea_74.Prodotto_2.Season
              Sottoarea_74.Prodotto_2.Vendite

Transformed training data:

              Sottoarea_74.Prodotto_2.Vendite
              DayOfWeek
              Weekend
              Sottoarea_74.Prodotto_2.Data-remapped
              Lag_Sottoarea_74.Prodotto_2.Vendite-30
              Lag_Sottoarea_74.Prodotto_2.Vendite-60
              Lag_Sottoarea_74.Prodotto_2.Vendite-90
              Lag_Sottoarea_74.Prodotto_2.Vendite-365
              Sottoarea_74.Prodotto_2.Data-remapped^2
              Sottoarea_74.Prodotto_2.Data-remapped^3
              Sottoarea_74.Prodotto_2.Data-remapped*Lag_Sottoarea_74.Prodotto_2.Vendite-30
              Sottoarea_74.Prodotto_2.Data-remapped*Lag_Sottoarea_74.Prodotto_2.Vendite-60
              Sottoarea_74.Prodotto_2.Data-remapped*Lag_Sottoarea_74.Prodotto_2.Vendite-90
              Sottoarea_74.Prodotto_2.Data-remapped*Lag_Sottoarea_74.Prodotto_2.Vendite-365

Sottoarea_74.Prodotto_2.Vendite:
RandomForest

Bagging with 300 iterations and base learner

weka.classifiers.trees.RandomTree -K 0 -M 1.0 -V 0.001 -S 1 -do-not-check-capabilities

=== Predictions for training data: Sottoarea_74.Prodotto_2.Vendite (10-steps ahead) ===

      inst#       actual    predicted        error
        375            3        2.346       -0.654
        376            1       0.8686      -0.1314
        377            6       4.7807      -1.2193
        378            2       3.3687       1.3687
        379            3       2.9513      -0.0487
        380            4       3.4704      -0.5296
        381            3       2.9136      -0.0864
        382            0       1.1096       1.1096
        383            0       0.6333       0.6333
        384            3       3.4022       0.4022
        385           14       9.6682      -4.3318
        386            4       3.9071      -0.0929
        387            2       2.5087       0.5087
        388            6       4.8946      -1.1054
        389            2       1.7711      -0.2289
        390            2       1.7218      -0.2782
        391            4       3.7438      -0.2562
        392            2       3.4191       1.4191
        393            2       2.4707       0.4707
        394            3       2.9197      -0.0803
        395            3       3.2576       0.2576
        396            1       1.5855       0.5855
        397            1       1.3467       0.3467
        398            3       3.3951       0.3951
        399            4       3.9522      -0.0478
        400            3       2.8659      -0.1341
        401            3       3.0213       0.0213
        402            2       2.7377       0.7377
        403            3       3.0056       0.0056
        404            3       2.3975      -0.6025
        405            5       4.3124      -0.6876
        406            3       3.1486       0.1486
        407            3       3.1279       0.1279
        408            2       2.4643       0.4643
        409            4       3.7928      -0.2072
        410            5       4.3413      -0.6587
        411            2          1.9         -0.1
        412            2       2.3893       0.3893
        413            3       3.1365       0.1365
        414            3       2.9286      -0.0714
        415            4       3.8731      -0.1269
        416            4       3.7813      -0.2187
        417            5        4.365       -0.635
        418            1        1.255        0.255
        419            2       2.2961       0.2961
        420            4       3.8443      -0.1557
        421            3       2.9493      -0.0507
        422            4       3.9851      -0.0149
        423            4       3.8563      -0.1437
        424            4       3.6767      -0.3233
        425            1       1.3245       0.3245
        426            2       2.3312       0.3312
        427            2       2.5796       0.5796
        428            2       2.3998       0.3998
        429            5       4.7017      -0.2983
        430            2       2.8093       0.8093
        431            3       2.8733      -0.1267
        432            1       1.3098       0.3098
        433            4       3.4803      -0.5197
        434            5       4.4132      -0.5868
        435            3       3.1112       0.1112
        436            5       4.6841      -0.3159
        437            3       3.5214       0.5214
        438            2       2.4881       0.4881
        439            1         1.33         0.33
        440            2       2.1356       0.1356
        441            3       3.1768       0.1768
        442            2        2.417        0.417
        443            4       3.6648      -0.3352
        444            4       3.2955      -0.7045
        445            2        1.907       -0.093
        446            1       1.3733       0.3733
        447            1       1.6693       0.6693
        448            4       3.4602      -0.5398
        449            5       3.9723      -1.0277
        450            4       4.0202       0.0202
        451            8       6.2765      -1.7235
        452            2       2.4288       0.4288
        453            2       1.9264      -0.0736
        454            1       1.7691       0.7691
        455            3       3.1886       0.1886
        456            2        2.426        0.426
        457            3        3.615        0.615
        458            4       3.9876      -0.0124
        459            3       2.6934      -0.3066
        460            2       1.8443      -0.1557
        461            1       1.7882       0.7882
        462            3       3.1157       0.1157
        463            4       3.5592      -0.4408
        464            6       5.3266      -0.6734
        465            2       3.1305       1.1305
        466            0       0.8056       0.8056
        467            7        4.715       -2.285
        468            4       3.1944      -0.8056
        469            5       4.3205      -0.6795
        470            4       3.5365      -0.4635
        471            4       4.4311       0.4311
        472            8       6.1239      -1.8761
        473            3       2.5127      -0.4873
        474            2         2.14         0.14
        475            1       1.5443       0.5443
        476            1       1.6055       0.6055
        477            4       3.6322      -0.3678
        478            7       5.6599      -1.3401
        479            4       3.9082      -0.0918
        480            2       1.7952      -0.2048
        481            1       2.3946       1.3946
        482            3        2.872       -0.128
        483            4       3.8843      -0.1157
        484            3       3.3315       0.3315
        485            6        5.521       -0.479
        486            2        2.463        0.463
        487            2       2.1836       0.1836
        488            3       2.6333      -0.3667
        489            2       2.5809       0.5809
        490            3       3.3206       0.3206
        491            5       4.2255      -0.7745
        492            5       4.9402      -0.0598
        493            6       4.8731      -1.1269
        494            3       2.7662      -0.2338
        495            1       1.5492       0.5492
        496            4       3.9167      -0.0833
        497            5       4.6439      -0.3561
        498            1       2.0634       1.0634
        499            3       3.4085       0.4085
        500            3        3.358        0.358
        501            1       1.7779       0.7779
        502           13       8.7417      -4.2583
        503            8       5.8819      -2.1181
        504            3       3.3228       0.3228
        505            2       2.3972       0.3972
        506            5       4.3666      -0.6334
        507            4       3.7667      -0.2333
        508            5       4.1374      -0.8626
        509            1       1.3297       0.3297
        510            1        1.977        0.977
        511            5       4.6961      -0.3039
        512            3       2.7343      -0.2657
        513            2       2.6586       0.6586
        514            4       3.7173      -0.2827
        515            2       2.1433       0.1433
        516            1       1.3831       0.3831
        517            1       1.7673       0.7673
        518            4       3.3259      -0.6741
        519            2       2.3759       0.3759
        520            4       4.0219       0.0219
        521            3        3.253        0.253
        522            1       1.4233       0.4233
        523            2       1.6497      -0.3503
        524            4       3.3772      -0.6228
        525            3       3.0924       0.0924
        526            6        4.798       -1.202
        527            5       4.4861      -0.5139
        528            1       2.1637       1.1637
        529            4       2.9121      -1.0879
        530            1       1.0566       0.0566
        531            3        2.613       -0.387
        532            4         4.29         0.29
        533            2       3.0203       1.0203
        534            3       3.0015       0.0015
        535            4       3.4785      -0.5215
        536            0       0.7375       0.7375
        537            1       0.9717      -0.0283
        538            2        2.198        0.198
        539            4       4.0879       0.0879
        540            2       2.4706       0.4706
        541            4       3.7621      -0.2379
        542            3       3.0605       0.0605
        543            1       1.5804       0.5804
        544            1       0.9286      -0.0714
        545            1       1.5364       0.5364
        546            3       3.1268       0.1268
        547            4       3.4946      -0.5054
        548            2       2.4588       0.4588
        549            3       3.0625       0.0625
        550            4       2.9755      -1.0245
        551            0       0.3315       0.3315
        552            2       1.8209      -0.1791
        553            6       5.4057      -0.5943
        554            9        6.901       -2.099
        555            4       3.8995      -0.1005
        556            4       3.9459      -0.0541
        557            3       2.5694      -0.4306
        558            0       0.4333       0.4333
        559            2       2.0686       0.0686
        560            3       3.0727       0.0727
        561            3       3.0329       0.0329
        562            3       3.2475       0.2475
        563            3       3.3725       0.3725
        564            2       2.0851       0.0851
        565            0          0.3          0.3
        566            1       1.4699       0.4699
        567            5       4.2784      -0.7216
        568            2       2.4082       0.4082
        569            3       2.8836      -0.1164
        570            2       2.4256       0.4256
        571            0       0.7369       0.7369
        572            2       1.4133      -0.5867
        573            2       1.8608      -0.1392
        574            2       2.9897       0.9897
        575            2       2.3677       0.3677
        576            2       2.4177       0.4177
        577            3       3.0313       0.0313
        578            2       1.7679      -0.2321
        579            0       0.3333       0.3333
        580            3       2.4893      -0.5107
        581            3       3.2822       0.2822
        582            3       2.8155      -0.1845
        583            3       3.0589       0.0589
        584            3       3.1038       0.1038
        585            1       1.1635       0.1635
        586            0         0.31         0.31
        587            1       1.3595       0.3595
        588            1       1.5887       0.5887
        589            1       2.0343       1.0343
        590            2       2.2539       0.2539
        591            1       1.5228       0.5228
        592            1       1.2103       0.2103
        593            0       1.1108       1.1108
        594            1         1.19         0.19
        595            4       3.6901      -0.3099
        596            3       2.9117      -0.0883
        597            1       1.7818       0.7818
        598            2       2.3068       0.3068
        599            1       1.2765       0.2765
        600            0       0.1967       0.1967
        601            1         1.22         0.22
        602            2       2.7017       0.7017
        603            1       1.5534       0.5534
        604            1        1.635        0.635
        605            2       2.2932       0.2932
        606            1       1.0314       0.0314
        607            0         0.14         0.14
        608            1       1.2742       0.2742
        609            3       3.0767       0.0767
        610            5       4.1241      -0.8759
        611            2       2.7965       0.7965
        612            3       3.0798       0.0798
        613            0       0.4922       0.4922
        614            3       2.0044      -0.9956
        615            1       1.3572       0.3572
        616            3       3.1471       0.1471
        617            2       2.5781       0.5781
        618            6       4.9067      -1.0933
        619            3       3.1423       0.1423
        620            3       2.4042      -0.5958
        621            1       0.9833      -0.0167
        622            2       2.1363       0.1363
        623            3       3.1335       0.1335
        624            4       3.5166      -0.4834
        625            3       3.0412       0.0412
        626            5       4.5239      -0.4761
        627            0       0.7112       0.7112
        628            1         0.93        -0.07
        629            3       2.5859      -0.4141
        630            4       3.6353      -0.3647
        631            4       3.6112      -0.3888
        632            3       3.3893       0.3893
        633            5       4.2399      -0.7601
        634            1       1.4022       0.4022
        635            1       0.8467      -0.1533
        636            1       1.5138       0.5138
        637            2       2.6766       0.6766
        638            1       1.8603       0.8603
        639            5       4.6693      -0.3307
        640            3       3.3238       0.3238
        641            3         2.75        -0.25
        642            1       0.8833      -0.1167
        643            2       1.9008      -0.0992
        644            7       5.7768      -1.2232
        645            3       3.0205       0.0205
        646            3        3.224        0.224
        647            5       4.2044      -0.7956
        648            0         0.86         0.86
        649            1       0.9133      -0.0867
        650            4       3.1782      -0.8218
        651            5       4.1655      -0.8345
        652            3       2.9256      -0.0744
        653            6       5.3862      -0.6138
        654            4       3.8084      -0.1916
        655            2       2.1833       0.1833
        656            0       0.3067       0.3067
        657            1        1.391        0.391
        658            3        3.484        0.484
        659            3       2.9862      -0.0138
        660            4         4.29         0.29
        661            4        3.879       -0.121
        662            2       2.0639       0.0639
        663            1       1.0233       0.0233
        664            2       2.0513       0.0513
        665            4       3.6405      -0.3595
        666            3       2.8115      -0.1885
        667            5       4.8498      -0.1502
        668            3       3.1109       0.1109
        669            2       2.1464       0.1464
        670            0         0.31         0.31
        671            3       2.8785      -0.1215
        672            2       2.5809       0.5809
        673            2       2.5002       0.5002
        674            4       4.0695       0.0695
        675            3       3.3066       0.3066
        676            2       2.1424       0.1424
        677            1       0.9734      -0.0266
        678            3        2.657       -0.343
        679            4       3.7542      -0.2458
        680            3       3.5791       0.5791
        681            3       3.4292       0.4292
        682            2       2.5605       0.5605
        683            1       1.4998       0.4998
        684            1       0.8928      -0.1072
        685            2          2.1          0.1
        686            4       3.6693      -0.3307
        687            4       3.6901      -0.3099
        688            5       4.7267      -0.2733
        689            5       4.5151      -0.4849
        690            3       2.7693      -0.2307
        691            1       0.8595      -0.1405
        692            3       2.6845      -0.3155
        693            3        3.323        0.323
        694            6       4.8342      -1.1658
        695            5       4.7167      -0.2833
        696            5       4.4373      -0.5627
        697            4       3.4598      -0.5402
        698            1       0.9034      -0.0966
        699            3        2.696       -0.304
        700            6       4.8747      -1.1253
        701            2       2.7743       0.7743
        702            4       4.2057       0.2057
        703            2       2.7594       0.7594
        704            1       1.4585       0.4585
        705            0       0.2633       0.2633
        706            1          1.6          0.6
        707            0       0.9717       0.9717
        708            2       2.8805       0.8805
        709            6       5.0391      -0.9609
        710            9       6.6598      -2.3402
        711            3        2.535       -0.465
        712            0         0.31         0.31
        713            2       2.1171       0.1171
        714            3       3.2505       0.2505
        715            4       4.0171       0.0171
        716            2       2.9575       0.9575
        717            1       2.2972       1.2972
        718            2       2.0669       0.0669
        719            1       0.8333      -0.1667
        720            1       1.3148       0.3148
        721            2       2.4635       0.4635
        722            7       5.6557      -1.3443
        723            6        4.639       -1.361
        724            1       1.6034       0.6034
        725            0       0.6921       0.6921
        726            0       0.4037       0.4037
        727            2       2.1284       0.1284
        728            4       3.7515      -0.2485
        729            2       3.2808       1.2808
        730            2       2.8138       0.8138
        731            0       1.0893       1.0893
        732            6       4.3626      -1.6374
        733            0       0.3481       0.3481
        734            2       2.0174       0.0174
        735            7        5.408       -1.592
        736            1       1.8654       0.8654
        737            2       2.8016       0.8016
        738            4       3.8104      -0.1896
        739            2       2.2133       0.2133
        740            1       1.7044       0.7044
        741            1        1.439        0.439
        742            5       4.4175      -0.5825
        743            3       3.3829       0.3829
        744            2         2.81         0.81
        745            5       4.4785      -0.5215
        746            4       3.4467      -0.5533
        747            1       0.8533      -0.1467
        748            4       3.2527      -0.7473
        749            3       3.1607       0.1607
        750            3       3.4247       0.4247
        751            4       3.7698      -0.2302
        752            4       3.8215      -0.1785
        753            2        2.243        0.243
        754            1        0.863       -0.137
        755            2       2.0029       0.0029
        756            3       3.4103       0.4103
        757            4       3.9173      -0.0827
        758            4       3.8566      -0.1434
        759            3       3.1068       0.1068
        760            2       2.5167       0.5167
        761            1       1.1086       0.1086
        762            2       2.2022       0.2022
        763            3       3.3157       0.3157
        764            6       5.0774      -0.9226
        765            6       4.9094      -1.0906
        766            2       2.3878       0.3878
        767            4       3.5862      -0.4138
        768            1       0.9867      -0.0133
        769            2       2.0364       0.0364
        770            4       3.9203      -0.0797
        771            5       4.5556      -0.4444
        772            4       4.0856       0.0856
        773            4       3.9437      -0.0563
        774            2       2.4083       0.4083
        775            2       1.5825      -0.4175
        776            2       1.9888      -0.0112
        777            2       2.7969       0.7969
        778            7       6.1017      -0.8983
        779            5       4.5529      -0.4471
        780            3       3.2422       0.2422
        781            4       3.7533      -0.2467
        782            0        0.586        0.586
        783            2       2.1753       0.1753
        784            5       4.2416      -0.7584
        785            3       3.7186       0.7186
        786            5        4.556       -0.444
        787            3         3.47         0.47
        788            3       2.9067      -0.0933
        789            1       0.9427      -0.0573
        790            3       2.6579      -0.3421
        791            3       3.3848       0.3848
        792            4       4.0491       0.0491
        793            4       4.2367       0.2367
        794            5       4.5661      -0.4339
        795            3       2.7233      -0.2767
        796            1        0.881       -0.119
        797            3       2.6724      -0.3276
        798            6       5.1193      -0.8807
        799            5        4.528       -0.472
        800            3       3.5279       0.5279
        801            4       3.7649      -0.2351
        802            3       3.0033       0.0033
        803            2       1.5367      -0.4633
        804            2       2.1665       0.1665
        805            5       4.6438      -0.3562
        806            4       4.1246       0.1246
        807            5       4.5599      -0.4401
        808            3       4.0058       1.0058
        809            3       2.9031      -0.0969
        810            0         0.28         0.28
        811            1       1.3569       0.3569
        812            1       2.2165       1.2165
        813            4        4.193        0.193
        814            3       3.4234       0.4234
        815            6       5.3408      -0.6592
        816            3       3.2596       0.2596
        817            0       0.2667       0.2667
        818            0       0.6442       0.6442
        819            2        3.007        1.007
        820            6       5.4574      -0.5426
        821            4       4.0478       0.0478
        822            5       4.4429      -0.5571
        823            5        4.233       -0.767
        824            1       0.9767      -0.0233
        825            2       1.7807      -0.2193
        826            6       4.7739      -1.2261
        827            5       4.8929      -0.1071
        828            4       3.9334      -0.0666
        829            3       3.4233       0.4233
        830            2       2.2317       0.2317
        831            1       0.9233      -0.0767
        832            2       1.7972      -0.2028
        833            4       4.2353       0.2353
        834            3       3.5328       0.5328
        835            4       3.9501      -0.0499
        836            4       3.9398      -0.0602
        837            4         3.62        -0.38
        838            1       0.9374      -0.0626
        839            1       1.0626       0.0626
        840            5       4.4741      -0.5259
        841            2       2.4286       0.4286
        842            5        4.503       -0.497
        843            4       3.6882      -0.3118
        844            2       2.2517       0.2517
        845            1       1.0367       0.0367
        846            0       0.5485       0.5485
        847            2       2.7348       0.7348
        848            4       3.5325      -0.4675
        849            2       2.7027       0.7027
        850            2       2.6498       0.6498
        851            2       2.3131       0.3131
        852            1         0.98        -0.02
        853            3       2.3335      -0.6665
        854            4       3.8877      -0.1123
        855            3       3.0314       0.0314
        856            4       3.8519      -0.1481
        857            4       3.6318      -0.3682
        858            3       2.7733      -0.2267
        859            0       0.2767       0.2767
        860            2       1.7929      -0.2071
        861            4       3.9014      -0.0986
        862            2       2.5873       0.5873
        863            5       4.3493      -0.6507
        864            3       3.2981       0.2981
        865            2       2.1019       0.1019
        866            1       1.0124       0.0124
        867            2       1.9553      -0.0447
        868            2       2.6619       0.6619
        869            2       2.3287       0.3287
        870            2         2.58         0.58
        871            ?       3.3637            ?
        872            ?       3.2531            ?
        873            ?       1.0844            ?
        874            ?       1.9156            ?
        875            ?       3.7636            ?
        876            ?       2.8254            ?
        877            ?       2.9614            ?
        878            ?        3.451            ?
        879            ?        3.095            ?

=== Future predictions from end of training data ===
Time        Sottoarea_74.Prodotto_2.Vendite 
2014-01-01                                0 
2014-01-02                                3 
2014-01-03                                3 
2014-01-04                                1 
2014-01-05                                0 
2014-01-06                                0 
2014-01-07                                4 
2014-01-08                                5 
2014-01-09                                3 
2014-01-10                                3 
2014-01-11                                1 
2014-01-12                                0 
2014-01-13                                4 
2014-01-14                                3 
2014-01-15                                3 
2014-01-16                                3 
2014-01-17                                3 
2014-01-18                                1 
2014-01-19                                0 
2014-01-20                                3 
2014-01-21                                3 
2014-01-22                                3 
2014-01-23                                5 
2014-01-24                                3 
2014-01-25                                1 
2014-01-26                                0 
2014-01-27                                1 
2014-01-28                                4 
2014-01-29                                4 
2014-01-30                                4 
2014-01-31                                4 
2014-02-01                                0 
2014-02-02                                0 
2014-02-03                                3 
2014-02-04                                4 
2014-02-05                                3 
2014-02-06                                3 
2014-02-07                                5 
2014-02-08                                1 
2014-02-09                                0 
2014-02-10                                3 
2014-02-11                                5 
2014-02-12                                2 
2014-02-13                                3 
2014-02-14                                3 
2014-02-15                                0 
2014-02-16                                0 
2014-02-17                                3 
2014-02-18                                5 
2014-02-19                                5 
2014-02-20                                3 
2014-02-21                                3 
2014-02-22                                1 
2014-02-23                                0 
2014-02-24                                2 
2014-02-25                                4 
2014-02-26                                3 
2014-02-27                                3 
2014-02-28                                4 
2014-03-01                                2 
2014-03-02                                0 
2014-03-03                                5 
2014-03-04                                6 
2014-03-05                                4 
2014-03-06                                4 
2014-03-07                                4 
2014-03-08                                1 
2014-03-09                                0 
2014-03-10                                4 
2014-03-11                                4 
2014-03-12                                4 
2014-03-13                                4 
2014-03-14                                5 
2014-03-15                                1 
2014-03-16                                0 
2014-03-17                                3 
2014-03-18                                5 
2014-03-19                                0 
2014-03-20                                0 
2014-03-21                                0 
2014-03-22                                0 
2014-03-23                                0 
2014-03-24                                0 
2014-03-25                                0 
2014-03-26                                3 
2014-03-27                                3 
2014-03-28                                3 
2014-03-29                                0 
2014-03-30                                0 
2014-03-31                                3 
2014-04-01                                3 
2014-04-02                                4 
2014-04-03                                3 
2014-04-04                                3 
2014-04-05                                1 
2014-04-06                                0 
2014-04-07                                3 
2014-04-08                                3 
2014-04-09                                3 
2014-04-10                                5 
2014-04-11                                2 
2014-04-12                                0 
2014-04-13                                0 
2014-04-14                                4 
2014-04-15                                4 
2014-04-16                                4 
2014-04-17                                3 
2014-04-18                                2 
2014-04-19                                0 
2014-04-20                                0 
2014-04-21                                0 
2014-04-22                                2 
2014-04-23                                5 
2014-04-24                                4 
2014-04-25                                0 
2014-04-26                                1 
2014-04-27                                0 
2014-04-28                                3 
2014-04-29                                3 
2014-04-30                                3 
2014-05-01                                0 
2014-05-02                                2 
2014-05-03                                0 
2014-05-04                                0 
2014-05-05                                4 
2014-05-06                                4 
2014-05-07                                3 
2014-05-08                                5 
2014-05-09                                3 
2014-05-10                                0 
2014-05-11                                0 
2014-05-12                                3 
2014-05-13                                3 
2014-05-14                                2 
2014-05-15                                5 
2014-05-16                                4 
2014-05-17                                0 
2014-05-18                                0 
2014-05-19                                3 
2014-05-20                                4 
2014-05-21                                2 
2014-05-22                                3 
2014-05-23                                3 
2014-05-24                                1 
2014-05-25                                0 
2014-05-26                                2 
2014-05-27                                3 
2014-05-28                                3 
2014-05-29                                2 
2014-05-30                                3 
2014-05-31                                0 
2014-06-01                                0 
2014-06-02                                0 
2014-06-03                                3 
2014-06-04                                3 
2014-06-05                                3 
2014-06-06                                2 
2014-06-07                                1 
2014-06-08                                0 
2014-06-09                                3 
2014-06-10                                3 
2014-06-11                                2 
2014-06-12                                3 
2014-06-13                                2 
2014-06-14                                1 
2014-06-15                                0 
2014-06-16                                2 
2014-06-17                                2 
2014-06-18                                3 
2014-06-19                                3 
2014-06-20                                3 
2014-06-21                                0 
2014-06-22                                0 
2014-06-23                                2 
2014-06-24                                3 
2014-06-25                                2 
2014-06-26                                2 
2014-06-27                                2 
2014-06-28                                0 
2014-06-29                                0 
2014-06-30                                3 
2014-07-01                                3 
2014-07-02                                4 
2014-07-03                                3 
2014-07-04                                2 
2014-07-05                                0 
2014-07-06                                0 
2014-07-07                                2 
2014-07-08                                2 
2014-07-09                                3 
2014-07-10                                4 
2014-07-11                                4 
2014-07-12                                0 
2014-07-13                                0 
2014-07-14                                3 
2014-07-15                                4 
2014-07-16                                2 
2014-07-17                                3 
2014-07-18                                2 
2014-07-19                                1 
2014-07-20                                0 
2014-07-21                                2 
2014-07-22                                3 
2014-07-23                                2 
2014-07-24                                4 
2014-07-25                                2 
2014-07-26                                1 
2014-07-27                                0 
2014-07-28                                2 
2014-07-29                                3 
2014-07-30                                1 
2014-07-31                                4 
2014-08-01                                2 
2014-08-02                                1 
2014-08-03                                0 
2014-08-04                                2 
2014-08-05                                2 
2014-08-06                                3 
2014-08-07                                2 
2014-08-08                                2 
2014-08-09                                0 
2014-08-10                                0 
2014-08-11                                0 
2014-08-12                                2 
2014-08-13                                1 
2014-08-14                                1 
2014-08-15                                0 
2014-08-16                                0 
2014-08-17                                0 
2014-08-18                                2 
2014-08-19                                3 
2014-08-20                                4 
2014-08-21                                2 
2014-08-22                                2 
2014-08-23                                0 
2014-08-24                                0 
2014-08-25                                2 
2014-08-26                                3 
2014-08-27                                2 
2014-08-28                                2 
2014-08-29                                1 
2014-08-30                                0 
2014-08-31                                0 
2014-09-01                                2 
2014-09-02                                2 
2014-09-03                                2 
2014-09-04                                2 
2014-09-05                                1 
2014-09-06                                0 
2014-09-07                                0 
2014-09-08                                1 
2014-09-09                                2 
2014-09-10                                2 
2014-09-11                                2 
2014-09-12                                2 
2014-09-13                                1 
2014-09-14                                0 
2014-09-15                                3 
2014-09-16                                2 
2014-09-17                                1 
2014-09-18                                2 
2014-09-19                                3 
2014-09-20                                0 
2014-09-21                                0 
2014-09-22                                3 
2014-09-23                                3 
2014-09-24                                3 
2014-09-25                                2 
2014-09-26                                2 
2014-09-27                                0 
2014-09-28                                0 
2014-09-29                                4 
2014-09-30                                4 
2014-10-01                                3 
2014-10-02                                3 
2014-10-03                                4 
2014-10-04                                0 
2014-10-05                                0 
2014-10-06                                2 
2014-10-07                                3 
2014-10-08                                3 
2014-10-09                                3 
2014-10-10                                5 
2014-10-11                                1 
2014-10-12                                0 
2014-10-13                                4 
2014-10-14                                4 
2014-10-15                                3 
2014-10-16                                4 
2014-10-17                                5 
2014-10-18                                1 
2014-10-19                                0 
2014-10-20                                4 
2014-10-21                                4 
2014-10-22                                3 
2014-10-23                                4 
2014-10-24                                3 
2014-10-25                                1 
2014-10-26                                0 
2014-10-27                                3 
2014-10-28                                3 
2014-10-29                                3 
2014-10-30                                4 
2014-10-31                                3 
2014-11-01                                0 
2014-11-02                                0 
2014-11-03                                3 
2014-11-04                                3 
2014-11-05                                2 
2014-11-06                                2 
2014-11-07                                2 
2014-11-08                                1 
2014-11-09                                0 
2014-11-10                                4 
2014-11-11                                3 
2014-11-12                                3 
2014-11-13                                3 
2014-11-14                                4 
2014-11-15                                1 
2014-11-16                                0 
2014-11-17                                3 
2014-11-18                                4 
2014-11-19                                3 
2014-11-20                                4 
2014-11-21                                3 
2014-11-22                                0 
2014-11-23                                0 
2014-11-24                                4 
2014-11-25                                5 
2014-11-26                                3 
2014-11-27                                5 
2014-11-28                                3 
2014-11-29                                1 
2014-11-30                                0 
2014-12-01                                5 
2014-12-02                                4 
2014-12-03                                4 
2014-12-04                                5 
2014-12-05                                3 
2014-12-06                                0 
2014-12-07                                0 
2014-12-08                                0 
2014-12-09                                3 
2014-12-10                                4 
2014-12-11                                3 
2014-12-12                                2 
2014-12-13                                1 
2014-12-14                                0 
2014-12-15                                5 
2014-12-16                                2 
2014-12-17                                4 
2014-12-18                                3 
2014-12-19                                3 
2014-12-20                                0 
2014-12-21                                0 
2014-12-22                                3 
2014-12-23                                2 
2014-12-24                                1 
2014-12-25                                0 
2014-12-26                                0 
2014-12-27                                1 
2014-12-28                                0 
2014-12-29                                3 
2014-12-30                                3 
2014-12-31                                3 
2015-01-01                                1 
2015-01-02                                1 
2015-01-03                                3 
2015-01-04                                1 
2015-01-05                                1 
2015-01-06                                0 
2015-01-07                                1 
2015-01-08                                2 
2015-01-09                                3 
2015-01-10                                3 
2015-01-11                                1 
2015-01-12                                6 
2015-01-13                                2 
2015-01-14                                3 
2015-01-15                                4 
2015-01-16                                3 
2015-01-17                                0 
2015-01-18                                0 
2015-01-19                                3 
2015-01-20                               14 
2015-01-21                                4 
2015-01-22                                2 
2015-01-23                                6 
2015-01-24                                2 
2015-01-25                                2 
2015-01-26                                4 
2015-01-27                                2 
2015-01-28                                2 
2015-01-29                                3 
2015-01-30                                3 
2015-01-31                                1 
2015-02-01                                1 
2015-02-02                                3 
2015-02-03                                4 
2015-02-04                                3 
2015-02-05                                3 
2015-02-06                                2 
2015-02-07                                3 
2015-02-08                                3 
2015-02-09                                5 
2015-02-10                                3 
2015-02-11                                3 
2015-02-12                                2 
2015-02-13                                4 
2015-02-14                                5 
2015-02-15                                2 
2015-02-16                                2 
2015-02-17                                3 
2015-02-18                                3 
2015-02-19                                4 
2015-02-20                                4 
2015-02-21                                5 
2015-02-22                                1 
2015-02-23                                2 
2015-02-24                                4 
2015-02-25                                3 
2015-02-26                                4 
2015-02-27                                4 
2015-02-28                                4 
2015-03-01                                1 
2015-03-02                                2 
2015-03-03                                2 
2015-03-04                                2 
2015-03-05                                5 
2015-03-06                                2 
2015-03-07                                3 
2015-03-08                                1 
2015-03-09                                4 
2015-03-10                                5 
2015-03-11                                3 
2015-03-12                                5 
2015-03-13                                3 
2015-03-14                                2 
2015-03-15                                1 
2015-03-16                                2 
2015-03-17                                3 
2015-03-18                                2 
2015-03-19                                4 
2015-03-20                                4 
2015-03-21                                2 
2015-03-22                                1 
2015-03-23                                1 
2015-03-24                                4 
2015-03-25                                5 
2015-03-26                                4 
2015-03-27                                8 
2015-03-28                                2 
2015-03-29                                2 
2015-03-30                                1 
2015-03-31                                3 
2015-04-01                                2 
2015-04-02                                3 
2015-04-03                                4 
2015-04-04                                3 
2015-04-05                                2 
2015-04-06                                1 
2015-04-07                                3 
2015-04-08                                4 
2015-04-09                                6 
2015-04-10                                2 
2015-04-11                                0 
2015-04-12                                7 
2015-04-13                                4 
2015-04-14                                5 
2015-04-15                                4 
2015-04-16                                4 
2015-04-17                                8 
2015-04-18                                3 
2015-04-19                                2 
2015-04-20                                1 
2015-04-21                                1 
2015-04-22                                4 
2015-04-23                                7 
2015-04-24                                4 
2015-04-25                                2 
2015-04-26                                1 
2015-04-27                                3 
2015-04-28                                4 
2015-04-29                                3 
2015-04-30                                6 
2015-05-01                                2 
2015-05-02                                2 
2015-05-03                                3 
2015-05-04                                2 
2015-05-05                                3 
2015-05-06                                5 
2015-05-07                                5 
2015-05-08                                6 
2015-05-09                                3 
2015-05-10                                1 
2015-05-11                                4 
2015-05-12                                5 
2015-05-13                                1 
2015-05-14                                3 
2015-05-15                                3 
2015-05-16                                1 
2015-05-17                               13 
2015-05-18                                8 
2015-05-19                                3 
2015-05-20                                2 
2015-05-21                                5 
2015-05-22                                4 
2015-05-23                                5 
2015-05-24                                1 
2015-05-25                                1 
2015-05-26                                5 
2015-05-27                                3 
2015-05-28                                2 
2015-05-29                                4 
2015-05-30                                2 
2015-05-31                                1 
2015-06-01                                1 
2015-06-02                                4 
2015-06-03                                2 
2015-06-04                                4 
2015-06-05                                3 
2015-06-06                                1 
2015-06-07                                2 
2015-06-08                                4 
2015-06-09                                3 
2015-06-10                                6 
2015-06-11                                5 
2015-06-12                                1 
2015-06-13                                4 
2015-06-14                                1 
2015-06-15                                3 
2015-06-16                                4 
2015-06-17                                2 
2015-06-18                                3 
2015-06-19                                4 
2015-06-20                                0 
2015-06-21                                1 
2015-06-22                                2 
2015-06-23                                4 
2015-06-24                                2 
2015-06-25                                4 
2015-06-26                                3 
2015-06-27                                1 
2015-06-28                                1 
2015-06-29                                1 
2015-06-30                                3 
2015-07-01                                4 
2015-07-02                                2 
2015-07-03                                3 
2015-07-04                                4 
2015-07-05                                0 
2015-07-06                                2 
2015-07-07                                6 
2015-07-08                                9 
2015-07-09                                4 
2015-07-10                                4 
2015-07-11                                3 
2015-07-12                                0 
2015-07-13                                2 
2015-07-14                                3 
2015-07-15                                3 
2015-07-16                                3 
2015-07-17                                3 
2015-07-18                                2 
2015-07-19                                0 
2015-07-20                                1 
2015-07-21                                5 
2015-07-22                                2 
2015-07-23                                3 
2015-07-24                                2 
2015-07-25                                0 
2015-07-26                                2 
2015-07-27                                2 
2015-07-28                                2 
2015-07-29                                2 
2015-07-30                                2 
2015-07-31                                3 
2015-08-01                                2 
2015-08-02                                0 
2015-08-03                                3 
2015-08-04                                3 
2015-08-05                                3 
2015-08-06                                3 
2015-08-07                                3 
2015-08-08                                1 
2015-08-09                                0 
2015-08-10                                1 
2015-08-11                                1 
2015-08-12                                1 
2015-08-13                                2 
2015-08-14                                1 
2015-08-15                                1 
2015-08-16                                0 
2015-08-17                                1 
2015-08-18                                4 
2015-08-19                                3 
2015-08-20                                1 
2015-08-21                                2 
2015-08-22                                1 
2015-08-23                                0 
2015-08-24                                1 
2015-08-25                                2 
2015-08-26                                1 
2015-08-27                                1 
2015-08-28                                2 
2015-08-29                                1 
2015-08-30                                0 
2015-08-31                                1 
2015-09-01                                3 
2015-09-02                                5 
2015-09-03                                2 
2015-09-04                                3 
2015-09-05                                0 
2015-09-06                                3 
2015-09-07                                1 
2015-09-08                                3 
2015-09-09                                2 
2015-09-10                                6 
2015-09-11                                3 
2015-09-12                                3 
2015-09-13                                1 
2015-09-14                                2 
2015-09-15                                3 
2015-09-16                                4 
2015-09-17                                3 
2015-09-18                                5 
2015-09-19                                0 
2015-09-20                                1 
2015-09-21                                3 
2015-09-22                                4 
2015-09-23                                4 
2015-09-24                                3 
2015-09-25                                5 
2015-09-26                                1 
2015-09-27                                1 
2015-09-28                                1 
2015-09-29                                2 
2015-09-30                                1 
2015-10-01                                5 
2015-10-02                                3 
2015-10-03                                3 
2015-10-04                                1 
2015-10-05                                2 
2015-10-06                                7 
2015-10-07                                3 
2015-10-08                                3 
2015-10-09                                5 
2015-10-10                                0 
2015-10-11                                1 
2015-10-12                                4 
2015-10-13                                5 
2015-10-14                                3 
2015-10-15                                6 
2015-10-16                                4 
2015-10-17                                2 
2015-10-18                                0 
2015-10-19                                1 
2015-10-20                                3 
2015-10-21                                3 
2015-10-22                                4 
2015-10-23                                4 
2015-10-24                                2 
2015-10-25                                1 
2015-10-26                                2 
2015-10-27                                4 
2015-10-28                                3 
2015-10-29                                5 
2015-10-30                                3 
2015-10-31                                2 
2015-11-01                                0 
2015-11-02                                3 
2015-11-03                                2 
2015-11-04                                2 
2015-11-05                                4 
2015-11-06                                3 
2015-11-07                                2 
2015-11-08                                1 
2015-11-09                                3 
2015-11-10                                4 
2015-11-11                                3 
2015-11-12                                3 
2015-11-13                                2 
2015-11-14                                1 
2015-11-15                                1 
2015-11-16                                2 
2015-11-17                                4 
2015-11-18                                4 
2015-11-19                                5 
2015-11-20                                5 
2015-11-21                                3 
2015-11-22                                1 
2015-11-23                                3 
2015-11-24                                3 
2015-11-25                                6 
2015-11-26                                5 
2015-11-27                                5 
2015-11-28                                4 
2015-11-29                                1 
2015-11-30                                3 
2015-12-01                                6 
2015-12-02                                2 
2015-12-03                                4 
2015-12-04                                2 
2015-12-05                                1 
2015-12-06                                0 
2015-12-07                                1 
2015-12-08                                0 
2015-12-09                                2 
2015-12-10                                6 
2015-12-11                                9 
2015-12-12                                3 
2015-12-13                                0 
2015-12-14                                2 
2015-12-15                                3 
2015-12-16                                4 
2015-12-17                                2 
2015-12-18                                1 
2015-12-19                                2 
2015-12-20                                1 
2015-12-21                                1 
2015-12-22                                2 
2015-12-23                                7 
2015-12-24                                6 
2015-12-25                                1 
2015-12-26                                0 
2015-12-27                                0 
2015-12-28                                2 
2015-12-29                                4 
2015-12-30                                2 
2015-12-31                                2 
2016-01-01                                0 
2016-01-02                                6 
2016-01-03                                0 
2016-01-04                                2 
2016-01-05                                7 
2016-01-06                                1 
2016-01-07                                2 
2016-01-08                                4 
2016-01-09                                2 
2016-01-10                                1 
2016-01-11                                1 
2016-01-12                                5 
2016-01-13                                3 
2016-01-14                                2 
2016-01-15                                5 
2016-01-16                                4 
2016-01-17                                1 
2016-01-18                                4 
2016-01-19                                3 
2016-01-20                                3 
2016-01-21                                4 
2016-01-22                                4 
2016-01-23                                2 
2016-01-24                                1 
2016-01-25                                2 
2016-01-26                                3 
2016-01-27                                4 
2016-01-28                                4 
2016-01-29                                3 
2016-01-30                                2 
2016-01-31                                1 
2016-02-01                                2 
2016-02-02                                3 
2016-02-03                                6 
2016-02-04                                6 
2016-02-05                                2 
2016-02-06                                4 
2016-02-07                                1 
2016-02-08                                2 
2016-02-09                                4 
2016-02-10                                5 
2016-02-11                                4 
2016-02-12                                4 
2016-02-13                                2 
2016-02-14                                2 
2016-02-15                                2 
2016-02-16                                2 
2016-02-17                                7 
2016-02-18                                5 
2016-02-19                                3 
2016-02-20                                4 
2016-02-21                                0 
2016-02-22                                2 
2016-02-23                                5 
2016-02-24                                3 
2016-02-25                                5 
2016-02-26                                3 
2016-02-27                                3 
2016-02-28                                1 
2016-02-29                                3 
2016-03-01                                3 
2016-03-02                                4 
2016-03-03                                4 
2016-03-04                                5 
2016-03-05                                3 
2016-03-06                                1 
2016-03-07                                3 
2016-03-08                                6 
2016-03-09                                5 
2016-03-10                                3 
2016-03-11                                4 
2016-03-12                                3 
2016-03-13                                2 
2016-03-14                                2 
2016-03-15                                5 
2016-03-16                                4 
2016-03-17                                5 
2016-03-18                                3 
2016-03-19                                3 
2016-03-20                                0 
2016-03-21                                1 
2016-03-22                                1 
2016-03-23                                4 
2016-03-24                                3 
2016-03-25                                6 
2016-03-26                                3 
2016-03-27                                0 
2016-03-28                                0 
2016-03-29                                2 
2016-03-30                                6 
2016-03-31                                4 
2016-04-01                                5 
2016-04-02                                5 
2016-04-03                                1 
2016-04-04                                2 
2016-04-05                                6 
2016-04-06                                5 
2016-04-07                                4 
2016-04-08                                3 
2016-04-09                                2 
2016-04-10                                1 
2016-04-11                                2 
2016-04-12                                4 
2016-04-13                                3 
2016-04-14                                4 
2016-04-15                                4 
2016-04-16                                4 
2016-04-17                                1 
2016-04-18                                1 
2016-04-19                                5 
2016-04-20                                2 
2016-04-21                                5 
2016-04-22                                4 
2016-04-23                                2 
2016-04-24                                1 
2016-04-25                                0 
2016-04-26                                2 
2016-04-27                                4 
2016-04-28                                2 
2016-04-29                                2 
2016-04-30                                2 
2016-05-01                                1 
2016-05-02                                3 
2016-05-03                                4 
2016-05-04                                3 
2016-05-05                                4 
2016-05-06                                4 
2016-05-07                                3 
2016-05-08                                0 
2016-05-09                                2 
2016-05-10                                4 
2016-05-11                                2 
2016-05-12                                5 
2016-05-13                                3 
2016-05-14                                2 
2016-05-15                                1 
2016-05-16                                2 
2016-05-17                                2 
2016-05-18                                2 
2016-05-19                                2 
2016-05-20*                           3.3637 
2016-05-21*                           3.2531 
2016-05-22*                           1.0844 
2016-05-23*                           1.9156 
2016-05-24*                           3.7636 
2016-05-25*                           2.8254 
2016-05-26*                           2.9614 
2016-05-27*                            3.451 
2016-05-28*                            3.095 
2016-05-29*                           0.7587 

=== Evaluation on training data ===
Target                             1-step-ahead  2-steps-ahead  3-steps-ahead  4-steps-ahead  5-steps-ahead  6-steps-ahead  7-steps-ahead  8-steps-ahead  9-steps-ahead 10-steps-ahead
======================================================================================================================================================================================
Sottoarea_74.Prodotto_2.Vendite
  N                                         505            504            503            502            501            500            499            498            497            496
  Mean absolute error                    0.4452          0.445         0.4452         0.4448         0.4454         0.4449         0.4438         0.4435         0.4437         0.4442
  Mean absolute percentage error        18.2226        18.1427        18.1117        18.1025        18.1152        18.0061        18.0061        17.9101        17.9145        17.9401
  Root mean squared error                0.6252         0.6253         0.6257         0.6256         0.6262         0.6261         0.6252         0.6252         0.6256         0.6262
  Mean squared error                     0.3908          0.391         0.3916         0.3914         0.3922          0.392         0.3908         0.3908         0.3914         0.3921

Total number of instances: 870

