=== Run information ===

Scheme:
	RandomForest -P 100 -I 300 -num-slots 1 -K 0 -M 1.0 -V 0.001 -S 1

Lagged and derived variable options:
	-F [Sottoarea_79.Prodotto_2.Vendite] -L 1 -M 365 -R 30,60,90,365 -G Sottoarea_79.Prodotto_2.Data -dayofweek -weekend

Relation:     Prodotto2_Sottoarea_79-weka.filters.unsupervised.attribute.Remove-R1-6
Instances:    870
Attributes:   4
              Sottoarea_79.Prodotto_2.Data
              Sottoarea_79.Prodotto_2.Day
              Sottoarea_79.Prodotto_2.Season
              Sottoarea_79.Prodotto_2.Vendite

Transformed training data:

              Sottoarea_79.Prodotto_2.Vendite
              DayOfWeek
              Weekend
              Sottoarea_79.Prodotto_2.Data-remapped
              Lag_Sottoarea_79.Prodotto_2.Vendite-30
              Lag_Sottoarea_79.Prodotto_2.Vendite-60
              Lag_Sottoarea_79.Prodotto_2.Vendite-90
              Lag_Sottoarea_79.Prodotto_2.Vendite-365
              Sottoarea_79.Prodotto_2.Data-remapped^2
              Sottoarea_79.Prodotto_2.Data-remapped^3
              Sottoarea_79.Prodotto_2.Data-remapped*Lag_Sottoarea_79.Prodotto_2.Vendite-30
              Sottoarea_79.Prodotto_2.Data-remapped*Lag_Sottoarea_79.Prodotto_2.Vendite-60
              Sottoarea_79.Prodotto_2.Data-remapped*Lag_Sottoarea_79.Prodotto_2.Vendite-90
              Sottoarea_79.Prodotto_2.Data-remapped*Lag_Sottoarea_79.Prodotto_2.Vendite-365

Sottoarea_79.Prodotto_2.Vendite:
RandomForest

Bagging with 300 iterations and base learner

weka.classifiers.trees.RandomTree -K 0 -M 1.0 -V 0.001 -S 1 -do-not-check-capabilities

=== Predictions for training data: Sottoarea_79.Prodotto_2.Vendite (10-steps ahead) ===

      inst#       actual    predicted        error
        375            0       0.0163       0.0163
        376            0       0.0033       0.0033
        377            0       0.1927       0.1927
        378            1       0.7179      -0.2821
        379            0       0.1725       0.1725
        380            1       0.7562      -0.2438
        381            1       0.7681      -0.2319
        382            0       0.1263       0.1263
        383            0       0.0233       0.0233
        384            1       0.6711      -0.3289
        385            1       0.8939      -0.1061
        386            1       0.6656      -0.3344
        387            0       0.2925       0.2925
        388            1       0.9087      -0.0913
        389            1       0.7738      -0.2262
        390            0       0.0567       0.0567
        391            0       0.3417       0.3417
        392            0       0.3544       0.3544
        393            1       0.8392      -0.1608
        394            0       0.3219       0.3219
        395            1       0.8967      -0.1033
        396            1       0.8662      -0.1338
        397            0       0.2444       0.2444
        398            1       0.8597      -0.1403
        399            1        0.801       -0.199
        400            0       0.2125       0.2125
        401            1       0.9085      -0.0915
        402            0       0.3975       0.3975
        403            0       0.3183       0.3183
        404            1       0.7459      -0.2541
        405            1       0.8097      -0.1903
        406            1       0.7207      -0.2793
        407            0       0.2843       0.2843
        408            1        0.865       -0.135
        409            1         0.84        -0.16
        410            1       0.8867      -0.1133
        411            1       0.7675      -0.2325
        412            0        0.243        0.243
        413            0       0.3124       0.3124
        414            1       0.8484      -0.1516
        415            1       0.9794      -0.0206
        416            1       0.8767      -0.1233
        417            1       0.8862      -0.1138
        418            0         0.14         0.14
        419            0       0.0494       0.0494
        420            1       0.9178      -0.0822
        421            1       0.8729      -0.1271
        422            1       0.9922      -0.0078
        423            0       0.3346       0.3346
        424            1       0.9763      -0.0237
        425            0       0.1267       0.1267
        426            0       0.0433       0.0433
        427            1        0.898       -0.102
        428            1       0.7692      -0.2308
        429            1       0.9922      -0.0078
        430            1       0.9359      -0.0641
        431            1        0.832       -0.168
        432            1         0.74        -0.26
        433            0       0.0735       0.0735
        434            1       0.9129      -0.0871
        435            0       0.3267       0.3267
        436            1       0.9884      -0.0116
        437            1       0.9472      -0.0528
        438            1       0.8829      -0.1171
        439            0       0.1093       0.1093
        440            0       0.0967       0.0967
        441            1        0.861       -0.139
        442            1       0.9098      -0.0902
        443            1         0.96        -0.04
        444            0       0.4032       0.4032
        445            1       0.8085      -0.1915
        446            0        0.223        0.223
        447            0       0.1515       0.1515
        448            1       0.9047      -0.0953
        449            1       0.9172      -0.0828
        450            1       0.9813      -0.0187
        451            1        0.841       -0.159
        452            0       0.2767       0.2767
        453            1       0.7411      -0.2589
        454            0       0.0602       0.0602
        455            1       0.9641      -0.0359
        456            1       0.9118      -0.0882
        457            1       0.9779      -0.0221
        458            2       1.4085      -0.5915
        459            1       0.7494      -0.2506
        460            0         0.25         0.25
        461            0       0.1787       0.1787
        462            0       0.3175       0.3175
        463            1       0.9311      -0.0689
        464            1       0.9716      -0.0284
        465            1       1.0238       0.0238
        466            0        0.225        0.225
        467            1       0.6398      -0.3602
        468            1       0.6724      -0.3276
        469            1       0.8866      -0.1134
        470            1       0.9305      -0.0695
        471            1       1.0283       0.0283
        472            1       0.9917      -0.0083
        473            1         0.71        -0.29
        474            0       0.3287       0.3287
        475            0       0.2572       0.2572
        476            0       0.3163       0.3163
        477            0       0.3443       0.3443
        478            1       1.1396       0.1396
        479            1       0.8459      -0.1541
        480            0       0.1567       0.1567
        481            0       0.4438       0.4438
        482            0       0.1886       0.1886
        483            1       0.9514      -0.0486
        484            1       0.8011      -0.1989
        485            2       1.6179      -0.3821
        486            0       0.2903       0.2903
        487            0         0.22         0.22
        488            1       1.1666       0.1666
        489            1       1.0961       0.0961
        490            1       0.9912      -0.0088
        491            1       0.9729      -0.0271
        492            1       0.9831      -0.0169
        493            1        0.863       -0.137
        494            1       0.7686      -0.2314
        495            1       0.9892      -0.0108
        496            1       0.8294      -0.1706
        497            1       1.0113       0.0113
        498            1       0.8595      -0.1405
        499            1       1.1523       0.1523
        500            0       0.3092       0.3092
        501            0       1.4026       1.4026
        502           11       7.0934      -3.9066
        503            4       2.9169      -1.0831
        504            1       1.0133       0.0133
        505            1       1.0529       0.0529
        506            2       1.6288      -0.3712
        507            1       0.8138      -0.1862
        508            3       2.2672      -0.7328
        509            0       1.5551       1.5551
        510            0       0.3044       0.3044
        511            2       1.5737      -0.4263
        512            1       0.9264      -0.0736
        513            0       0.4418       0.4418
        514            1        0.755       -0.245
        515            1       1.0077       0.0077
        516            1       0.8835      -0.1165
        517            0       0.1638       0.1638
        518            1       0.9553      -0.0447
        519            0       0.2454       0.2454
        520            1       0.9435      -0.0565
        521            0       0.3203       0.3203
        522            0       0.3025       0.3025
        523            1       0.9038      -0.0962
        524            1       1.0401       0.0401
        525            1       1.0089       0.0089
        526            1       0.7888      -0.2112
        527            1        0.841       -0.159
        528            0       0.3029       0.3029
        529            1       0.8565      -0.1435
        530            0       0.2315       0.2315
        531            1       0.7331      -0.2669
        532            1       1.0629       0.0629
        533            0        0.135        0.135
        534            1       0.8978      -0.1022
        535            1        0.785       -0.215
        536            0       0.2495       0.2495
        537            0       0.1605       0.1605
        538            1       0.9098      -0.0902
        539            1       1.0257       0.0257
        540            0       0.1489       0.1489
        541            1        0.827       -0.173
        542            1       0.9215      -0.0785
        543            0       0.2193       0.2193
        544            0       0.1181       0.1181
        545            0       0.3172       0.3172
        546            1       1.0858       0.0858
        547            0       0.1356       0.1356
        548            0       0.2247       0.2247
        549            1       0.9073      -0.0927
        550            1       0.8087      -0.1913
        551            0       0.0698       0.0698
        552            0       0.3081       0.3081
        553            2       1.6822      -0.3178
        554            1       0.7185      -0.2815
        555            0       0.2292       0.2292
        556            1       0.9247      -0.0753
        557            1       0.7311      -0.2689
        558            0       0.0852       0.0852
        559            1       0.8716      -0.1284
        560            1       1.0244       0.0244
        561            0       0.2188       0.2188
        562            1       0.8171      -0.1829
        563            2       1.5142      -0.4858
        564            0       0.1797       0.1797
        565            0       0.0133       0.0133
        566            0       0.1005       0.1005
        567            1       0.9275      -0.0725
        568            0       0.1652       0.1652
        569            0        0.069        0.069
        570            0       0.3081       0.3081
        571            0       0.0897       0.0897
        572            0       0.0033       0.0033
        573            0       0.0771       0.0771
        574            1       0.9564      -0.0436
        575            0        0.137        0.137
        576            0       0.0619       0.0619
        577            1       0.7034      -0.2966
        578            0       0.0267       0.0267
        579            0       0.0133       0.0133
        580            1       0.6596      -0.3404
        581            1       0.8344      -0.1656
        582            1       0.6919      -0.3081
        583            0       0.0984       0.0984
        584            1       0.8208      -0.1792
        585            0         0.01         0.01
        586            0           -0           -0
        587            0       0.1232       0.1232
        588            0       0.3302       0.3302
        589            0        0.122        0.122
        590            0       0.0267       0.0267
        591            0       0.1952       0.1952
        592            0         0.03         0.03
        593            0       0.0295       0.0295
        594            0       0.1334       0.1334
        595            1       0.6855      -0.3145
        596            0       0.1398       0.1398
        597            0       0.0407       0.0407
        598            0       0.2044       0.2044
        599            0       0.0864       0.0864
        600            0       0.0167       0.0167
        601            0       0.0873       0.0873
        602            0       0.1801       0.1801
        603            0       0.1178       0.1178
        604            0       0.0267       0.0267
        605            0        0.181        0.181
        606            0       0.0133       0.0133
        607            0            0            0
        608            0       0.0133       0.0133
        609            0       0.1017       0.1017
        610            0       0.1717       0.1717
        611            0       0.0767       0.0767
        612            0       0.2347       0.2347
        613            0         0.08         0.08
        614            0       0.0033       0.0033
        615            0       0.0333       0.0333
        616            0       0.1001       0.1001
        617            1       0.8225      -0.1775
        618            1       0.7132      -0.2868
        619            1       0.9257      -0.0743
        620            1       0.6139      -0.3861
        621            0         0.02         0.02
        622            1       0.6603      -0.3397
        623            0       0.2201       0.2201
        624            1         0.94        -0.06
        625            0       0.1967       0.1967
        626            1       0.9367      -0.0633
        627            0       0.1033       0.1033
        628            0       0.0033       0.0033
        629            0       0.0756       0.0756
        630            1       0.8396      -0.1604
        631            1       0.9327      -0.0673
        632            1       0.9278      -0.0722
        633            1       0.9367      -0.0633
        634            0        0.085        0.085
        635            0            0            0
        636            0       0.1267       0.1267
        637            0       0.2239       0.2239
        638            0       0.2877       0.2877
        639            1       0.8635      -0.1365
        640            1       0.9624      -0.0376
        641            0       0.0067       0.0067
        642            0       0.0032       0.0032
        643            1        0.737       -0.263
        644            1       0.7971      -0.2029
        645            1       0.6897      -0.3103
        646            1       0.9864      -0.0136
        647            1        0.978       -0.022
        648            0       0.2625       0.2625
        649            0           -0           -0
        650            1       0.8881      -0.1119
        651            1       0.8042      -0.1958
        652            1       0.9267      -0.0733
        653            1       0.9062      -0.0938
        654            1       0.9967      -0.0033
        655            0       0.0267       0.0267
        656            0         0.01         0.01
        657            1       0.9433      -0.0567
        658            0       0.3194       0.3194
        659            0       0.1343       0.1343
        660            1       0.7702      -0.2298
        661            1       0.9713      -0.0287
        662            1       0.7399      -0.2601
        663            0       0.0233       0.0233
        664            1       0.9533      -0.0467
        665            0       0.2742       0.2742
        666            0       0.1212       0.1212
        667            0       0.3485       0.3485
        668            1       0.8064      -0.1936
        669            1         0.89        -0.11
        670            0       0.0167       0.0167
        671            1         0.91        -0.09
        672            0        0.207        0.207
        673            1       0.8565      -0.1435
        674            1       0.7725      -0.2275
        675            1       0.8967      -0.1033
        676            1         0.76        -0.24
        677            0           -0           -0
        678            1       0.8341      -0.1659
        679            1        0.892       -0.108
        680            1       0.9038      -0.0962
        681            0       0.3526       0.3526
        682            0       0.1439       0.1439
        683            0       0.2167       0.2167
        684            0           -0           -0
        685            0       0.3472       0.3472
        686            1       0.7946      -0.2054
        687            1       0.7585      -0.2415
        688            1        0.675       -0.325
        689            0         0.07         0.07
        690            0         0.01         0.01
        691            0           -0           -0
        692            0       0.0453       0.0453
        693            1       0.7869      -0.2131
        694            0       0.3376       0.3376
        695            0       0.1973       0.1973
        696            0       0.0367       0.0367
        697            0       0.0933       0.0933
        698            0       0.0033       0.0033
        699            0       0.0371       0.0371
        700            0       0.3575       0.3575
        701            1       0.7633      -0.2367
        702            0       0.1539       0.1539
        703            0       0.1135       0.1135
        704            0            0            0
        705            0           -0           -0
        706            0       0.1038       0.1038
        707            0       0.2576       0.2576
        708            1       0.9454      -0.0546
        709            1         0.93        -0.07
        710            1       0.7189      -0.2811
        711            0            0            0
        712            0           -0           -0
        713            1       0.7532      -0.2468
        714            1       0.7931      -0.2069
        715            0       0.2238       0.2238
        716            1         0.93        -0.07
        717            0       0.1768       0.1768
        718            0         0.04         0.04
        719            0       0.0033       0.0033
        720            0       0.1071       0.1071
        721            1       0.8937      -0.1063
        722            1       0.7173      -0.2827
        723            1       0.7638      -0.2362
        724            0       0.0804       0.0804
        725            0         0.07         0.07
        726            0       0.0033       0.0033
        727            0       0.2967       0.2967
        728            1         0.88        -0.12
        729            0       0.2468       0.2468
        730            0       0.1133       0.1133
        731            0       0.1574       0.1574
        732            0       0.0733       0.0733
        733            0           -0           -0
        734            0       0.0523       0.0523
        735            1       0.8698      -0.1302
        736            0       0.1876       0.1876
        737            0       0.0833       0.0833
        738            1       0.6883      -0.3117
        739            0         0.02         0.02
        740            0           -0           -0
        741            0       0.0871       0.0871
        742            1       0.8073      -0.1927
        743            1       0.8967      -0.1033
        744            0       0.1767       0.1767
        745            0       0.0592       0.0592
        746            0            0            0
        747            0       0.0063       0.0063
        748            1       0.7821      -0.2179
        749            1       0.8477      -0.1523
        750            1         0.91        -0.09
        751            0       0.3402       0.3402
        752            1        0.813       -0.187
        753            0       0.0133       0.0133
        754            0       0.0297       0.0297
        755            1       0.9259      -0.0741
        756            1       0.9294      -0.0706
        757            0       0.2029       0.2029
        758            1         0.79        -0.21
        759            0       0.1888       0.1888
        760            1       0.7409      -0.2591
        761            0         0.01         0.01
        762            1       0.9335      -0.0665
        763            0       0.2066       0.2066
        764            1       0.9435      -0.0565
        765            1       0.7333      -0.2667
        766            0       0.1506       0.1506
        767            1       0.7975      -0.2025
        768            0           -0           -0
        769            0       0.0167       0.0167
        770            0       0.0875       0.0875
        771            1       0.7463      -0.2537
        772            0       0.2506       0.2506
        773            1       0.8852      -0.1148
        774            0       0.0567       0.0567
        775            0       0.0167       0.0167
        776            0         0.01         0.01
        777            0       0.3054       0.3054
        778            1       0.8608      -0.1392
        779            1       0.8304      -0.1696
        780            1       0.9222      -0.0778
        781            0         0.02         0.02
        782            0       0.0033       0.0033
        783            0       0.0133       0.0133
        784            1       0.9575      -0.0425
        785            0       0.1567       0.1567
        786            1       0.8237      -0.1763
        787            0       0.1973       0.1973
        788            0       0.0233       0.0233
        789            0         0.01         0.01
        790            1       0.9188      -0.0812
        791            1       0.7888      -0.2112
        792            0         0.15         0.15
        793            0       0.1663       0.1663
        794            1       0.9367      -0.0633
        795            0       0.0397       0.0397
        796            0       0.0067       0.0067
        797            1       0.9372      -0.0628
        798            0        0.121        0.121
        799            1       0.7571      -0.2429
        800            1       0.8433      -0.1567
        801            1       0.9367      -0.0633
        802            0        0.033        0.033
        803            0           -0           -0
        804            0         0.07         0.07
        805            1       0.9533      -0.0467
        806            0       0.3326       0.3326
        807            0       0.1896       0.1896
        808            0        0.421        0.421
        809            0       0.0967       0.0967
        810            0         0.02         0.02
        811            0         0.06         0.06
        812            0       0.0982       0.0982
        813            1         0.75        -0.25
        814            1        0.955       -0.045
        815            2       1.5624      -0.4376
        816            1       0.7118      -0.2882
        817            0       0.0367       0.0367
        818            0       0.0484       0.0484
        819            1       0.9597      -0.0403
        820            1       0.8862      -0.1138
        821            1       0.9733      -0.0267
        822            1       1.1655       0.1655
        823            0       0.2364       0.2364
        824            0       0.0333       0.0333
        825            0       0.0033       0.0033
        826            1       0.9497      -0.0503
        827            1       0.8643      -0.1357
        828            1       0.9396      -0.0604
        829            1       0.9762      -0.0238
        830            0       0.1367       0.1367
        831            0       0.0067       0.0067
        832            0       0.1135       0.1135
        833            0       0.2777       0.2777
        834            1       0.7769      -0.2231
        835            1         0.83        -0.17
        836            1       0.8787      -0.1213
        837            1       0.7044      -0.2956
        838            0       0.0167       0.0167
        839            0       0.0167       0.0167
        840            1       0.6481      -0.3519
        841            0       0.2327       0.2327
        842            1       0.9067      -0.0933
        843            1       0.9362      -0.0638
        844            0       0.1533       0.1533
        845            0       0.0229       0.0229
        846            0       0.0662       0.0662
        847            0       0.3577       0.3577
        848            1       0.7303      -0.2697
        849            0       0.3237       0.3237
        850            0       0.3642       0.3642
        851            0       0.1233       0.1233
        852            0       0.0033       0.0033
        853            1       0.7415      -0.2585
        854            1        0.681       -0.319
        855            0       0.2919       0.2919
        856            1       0.7567      -0.2433
        857            1       0.7959      -0.2041
        858            0       0.1133       0.1133
        859            0       0.0617       0.0617
        860            0       0.2658       0.2658
        861            0       0.2961       0.2961
        862            0       0.2193       0.2193
        863            1        0.841       -0.159
        864            1       0.8984      -0.1016
        865            1       0.6783      -0.3217
        866            0       0.0367       0.0367
        867            0       0.2511       0.2511
        868            1       0.7619      -0.2381
        869            1       0.6902      -0.3098
        870            0       0.2499       0.2499
        871            ?       0.7099            ?
        872            ?       0.2656            ?
        873            ?       0.1559            ?
        874            ?       0.0919            ?
        875            ?       0.4309            ?
        876            ?       0.4807            ?
        877            ?       0.4318            ?
        878            ?       0.7475            ?
        879            ?       0.4938            ?

=== Future predictions from end of training data ===
Time        Sottoarea_79.Prodotto_2.Vendite 
2014-01-01                                0 
2014-01-02                                1 
2014-01-03                                1 
2014-01-04                                0 
2014-01-05                                0 
2014-01-06                                0 
2014-01-07                                1 
2014-01-08                                1 
2014-01-09                                1 
2014-01-10                                1 
2014-01-11                                0 
2014-01-12                                0 
2014-01-13                                1 
2014-01-14                                1 
2014-01-15                                1 
2014-01-16                                1 
2014-01-17                                1 
2014-01-18                                0 
2014-01-19                                0 
2014-01-20                                1 
2014-01-21                                1 
2014-01-22                                1 
2014-01-23                                1 
2014-01-24                                1 
2014-01-25                                0 
2014-01-26                                0 
2014-01-27                                1 
2014-01-28                                1 
2014-01-29                                1 
2014-01-30                                1 
2014-01-31                                1 
2014-02-01                                0 
2014-02-02                                0 
2014-02-03                                0 
2014-02-04                                0 
2014-02-05                                2 
2014-02-06                                1 
2014-02-07                                1 
2014-02-08                                0 
2014-02-09                                0 
2014-02-10                                1 
2014-02-11                                1 
2014-02-12                                0 
2014-02-13                                1 
2014-02-14                                1 
2014-02-15                                0 
2014-02-16                                0 
2014-02-17                                1 
2014-02-18                                1 
2014-02-19                                1 
2014-02-20                                1 
2014-02-21                                1 
2014-02-22                                0 
2014-02-23                                0 
2014-02-24                                0 
2014-02-25                                0 
2014-02-26                                1 
2014-02-27                                1 
2014-02-28                                1 
2014-03-01                                0 
2014-03-02                                0 
2014-03-03                                1 
2014-03-04                                1 
2014-03-05                                1 
2014-03-06                                1 
2014-03-07                                0 
2014-03-08                                0 
2014-03-09                                0 
2014-03-10                                1 
2014-03-11                                1 
2014-03-12                                2 
2014-03-13                                1 
2014-03-14                                1 
2014-03-15                                0 
2014-03-16                                0 
2014-03-17                                2 
2014-03-18                                0 
2014-03-19                                0 
2014-03-20                                0 
2014-03-21                                0 
2014-03-22                                0 
2014-03-23                                0 
2014-03-24                                0 
2014-03-25                                0 
2014-03-26                                1 
2014-03-27                                0 
2014-03-28                                1 
2014-03-29                                0 
2014-03-30                                0 
2014-03-31                                1 
2014-04-01                                0 
2014-04-02                                1 
2014-04-03                                1 
2014-04-04                                2 
2014-04-05                                0 
2014-04-06                                0 
2014-04-07                                1 
2014-04-08                                1 
2014-04-09                                1 
2014-04-10                                1 
2014-04-11                                1 
2014-04-12                                0 
2014-04-13                                0 
2014-04-14                                1 
2014-04-15                                1 
2014-04-16                                1 
2014-04-17                                1 
2014-04-18                                1 
2014-04-19                                0 
2014-04-20                                0 
2014-04-21                                0 
2014-04-22                                0 
2014-04-23                                1 
2014-04-24                                1 
2014-04-25                                0 
2014-04-26                                0 
2014-04-27                                0 
2014-04-28                                1 
2014-04-29                                1 
2014-04-30                                1 
2014-05-01                                0 
2014-05-02                                1 
2014-05-03                                0 
2014-05-04                                0 
2014-05-05                                1 
2014-05-06                                1 
2014-05-07                                1 
2014-05-08                                1 
2014-05-09                                1 
2014-05-10                                0 
2014-05-11                                0 
2014-05-12                                1 
2014-05-13                                1 
2014-05-14                                1 
2014-05-15                                1 
2014-05-16                                1 
2014-05-17                                0 
2014-05-18                                0 
2014-05-19                                0 
2014-05-20                                1 
2014-05-21                                1 
2014-05-22                                0 
2014-05-23                                1 
2014-05-24                                0 
2014-05-25                                0 
2014-05-26                                1 
2014-05-27                                0 
2014-05-28                                1 
2014-05-29                                1 
2014-05-30                                0 
2014-05-31                                0 
2014-06-01                                0 
2014-06-02                                0 
2014-06-03                                1 
2014-06-04                                0 
2014-06-05                                1 
2014-06-06                                1 
2014-06-07                                0 
2014-06-08                                0 
2014-06-09                                0 
2014-06-10                                0 
2014-06-11                                1 
2014-06-12                                1 
2014-06-13                                1 
2014-06-14                                0 
2014-06-15                                0 
2014-06-16                                0 
2014-06-17                                1 
2014-06-18                                1 
2014-06-19                                1 
2014-06-20                                1 
2014-06-21                                0 
2014-06-22                                0 
2014-06-23                                0 
2014-06-24                                1 
2014-06-25                                1 
2014-06-26                                1 
2014-06-27                                1 
2014-06-28                                0 
2014-06-29                                0 
2014-06-30                                1 
2014-07-01                                1 
2014-07-02                                1 
2014-07-03                                1 
2014-07-04                                1 
2014-07-05                                0 
2014-07-06                                0 
2014-07-07                                0 
2014-07-08                                1 
2014-07-09                                1 
2014-07-10                                1 
2014-07-11                                1 
2014-07-12                                1 
2014-07-13                                0 
2014-07-14                                1 
2014-07-15                                1 
2014-07-16                                1 
2014-07-17                                1 
2014-07-18                                0 
2014-07-19                                0 
2014-07-20                                0 
2014-07-21                                1 
2014-07-22                                0 
2014-07-23                                1 
2014-07-24                                1 
2014-07-25                                1 
2014-07-26                                0 
2014-07-27                                0 
2014-07-28                                0 
2014-07-29                                0 
2014-07-30                                1 
2014-07-31                                1 
2014-08-01                                1 
2014-08-02                                0 
2014-08-03                                0 
2014-08-04                                0 
2014-08-05                                0 
2014-08-06                                0 
2014-08-07                                1 
2014-08-08                                0 
2014-08-09                                0 
2014-08-10                                0 
2014-08-11                                0 
2014-08-12                                1 
2014-08-13                                0 
2014-08-14                                0 
2014-08-15                                0 
2014-08-16                                0 
2014-08-17                                0 
2014-08-18                                0 
2014-08-19                                1 
2014-08-20                                1 
2014-08-21                                1 
2014-08-22                                0 
2014-08-23                                0 
2014-08-24                                0 
2014-08-25                                0 
2014-08-26                                0 
2014-08-27                                0 
2014-08-28                                1 
2014-08-29                                1 
2014-08-30                                0 
2014-08-31                                0 
2014-09-01                                0 
2014-09-02                                0 
2014-09-03                                0 
2014-09-04                                1 
2014-09-05                                0 
2014-09-06                                0 
2014-09-07                                0 
2014-09-08                                0 
2014-09-09                                1 
2014-09-10                                0 
2014-09-11                                1 
2014-09-12                                0 
2014-09-13                                0 
2014-09-14                                0 
2014-09-15                                1 
2014-09-16                                1 
2014-09-17                                0 
2014-09-18                                1 
2014-09-19                                1 
2014-09-20                                0 
2014-09-21                                0 
2014-09-22                                1 
2014-09-23                                1 
2014-09-24                                1 
2014-09-25                                1 
2014-09-26                                0 
2014-09-27                                0 
2014-09-28                                0 
2014-09-29                                0 
2014-09-30                                1 
2014-10-01                                0 
2014-10-02                                1 
2014-10-03                                1 
2014-10-04                                0 
2014-10-05                                0 
2014-10-06                                1 
2014-10-07                                1 
2014-10-08                                1 
2014-10-09                                1 
2014-10-10                                1 
2014-10-11                                0 
2014-10-12                                0 
2014-10-13                                1 
2014-10-14                                1 
2014-10-15                                1 
2014-10-16                                1 
2014-10-17                                1 
2014-10-18                                0 
2014-10-19                                0 
2014-10-20                                0 
2014-10-21                                1 
2014-10-22                                0 
2014-10-23                                1 
2014-10-24                                0 
2014-10-25                                0 
2014-10-26                                0 
2014-10-27                                1 
2014-10-28                                1 
2014-10-29                                1 
2014-10-30                                0 
2014-10-31                                1 
2014-11-01                                0 
2014-11-02                                0 
2014-11-03                                0 
2014-11-04                                1 
2014-11-05                                1 
2014-11-06                                1 
2014-11-07                                1 
2014-11-08                                0 
2014-11-09                                0 
2014-11-10                                1 
2014-11-11                                1 
2014-11-12                                1 
2014-11-13                                1 
2014-11-14                                1 
2014-11-15                                0 
2014-11-16                                0 
2014-11-17                                0 
2014-11-18                                1 
2014-11-19                                1 
2014-11-20                                1 
2014-11-21                                1 
2014-11-22                                0 
2014-11-23                                0 
2014-11-24                                1 
2014-11-25                                1 
2014-11-26                                0 
2014-11-27                                1 
2014-11-28                                1 
2014-11-29                                0 
2014-11-30                                0 
2014-12-01                                1 
2014-12-02                                1 
2014-12-03                                1 
2014-12-04                                1 
2014-12-05                                1 
2014-12-06                                0 
2014-12-07                                0 
2014-12-08                                0 
2014-12-09                                0 
2014-12-10                                1 
2014-12-11                                1 
2014-12-12                                1 
2014-12-13                                0 
2014-12-14                                0 
2014-12-15                                1 
2014-12-16                                1 
2014-12-17                                1 
2014-12-18                                1 
2014-12-19                                1 
2014-12-20                                0 
2014-12-21                                0 
2014-12-22                                0 
2014-12-23                                0 
2014-12-24                                0 
2014-12-25                                0 
2014-12-26                                0 
2014-12-27                                0 
2014-12-28                                0 
2014-12-29                                1 
2014-12-30                                1 
2014-12-31                                0 
2015-01-01                                0 
2015-01-02                                0 
2015-01-03                                0 
2015-01-04                                0 
2015-01-05                                0 
2015-01-06                                0 
2015-01-07                                0 
2015-01-08                                1 
2015-01-09                                0 
2015-01-10                                0 
2015-01-11                                0 
2015-01-12                                0 
2015-01-13                                1 
2015-01-14                                0 
2015-01-15                                1 
2015-01-16                                1 
2015-01-17                                0 
2015-01-18                                0 
2015-01-19                                1 
2015-01-20                                1 
2015-01-21                                1 
2015-01-22                                0 
2015-01-23                                1 
2015-01-24                                1 
2015-01-25                                0 
2015-01-26                                0 
2015-01-27                                0 
2015-01-28                                1 
2015-01-29                                0 
2015-01-30                                1 
2015-01-31                                1 
2015-02-01                                0 
2015-02-02                                1 
2015-02-03                                1 
2015-02-04                                0 
2015-02-05                                1 
2015-02-06                                0 
2015-02-07                                0 
2015-02-08                                1 
2015-02-09                                1 
2015-02-10                                1 
2015-02-11                                0 
2015-02-12                                1 
2015-02-13                                1 
2015-02-14                                1 
2015-02-15                                1 
2015-02-16                                0 
2015-02-17                                0 
2015-02-18                                1 
2015-02-19                                1 
2015-02-20                                1 
2015-02-21                                1 
2015-02-22                                0 
2015-02-23                                0 
2015-02-24                                1 
2015-02-25                                1 
2015-02-26                                1 
2015-02-27                                0 
2015-02-28                                1 
2015-03-01                                0 
2015-03-02                                0 
2015-03-03                                1 
2015-03-04                                1 
2015-03-05                                1 
2015-03-06                                1 
2015-03-07                                1 
2015-03-08                                1 
2015-03-09                                0 
2015-03-10                                1 
2015-03-11                                0 
2015-03-12                                1 
2015-03-13                                1 
2015-03-14                                1 
2015-03-15                                0 
2015-03-16                                0 
2015-03-17                                1 
2015-03-18                                1 
2015-03-19                                1 
2015-03-20                                0 
2015-03-21                                1 
2015-03-22                                0 
2015-03-23                                0 
2015-03-24                                1 
2015-03-25                                1 
2015-03-26                                1 
2015-03-27                                1 
2015-03-28                                0 
2015-03-29                                1 
2015-03-30                                0 
2015-03-31                                1 
2015-04-01                                1 
2015-04-02                                1 
2015-04-03                                2 
2015-04-04                                1 
2015-04-05                                0 
2015-04-06                                0 
2015-04-07                                0 
2015-04-08                                1 
2015-04-09                                1 
2015-04-10                                1 
2015-04-11                                0 
2015-04-12                                1 
2015-04-13                                1 
2015-04-14                                1 
2015-04-15                                1 
2015-04-16                                1 
2015-04-17                                1 
2015-04-18                                1 
2015-04-19                                0 
2015-04-20                                0 
2015-04-21                                0 
2015-04-22                                0 
2015-04-23                                1 
2015-04-24                                1 
2015-04-25                                0 
2015-04-26                                0 
2015-04-27                                0 
2015-04-28                                1 
2015-04-29                                1 
2015-04-30                                2 
2015-05-01                                0 
2015-05-02                                0 
2015-05-03                                1 
2015-05-04                                1 
2015-05-05                                1 
2015-05-06                                1 
2015-05-07                                1 
2015-05-08                                1 
2015-05-09                                1 
2015-05-10                                1 
2015-05-11                                1 
2015-05-12                                1 
2015-05-13                                1 
2015-05-14                                1 
2015-05-15                                0 
2015-05-16                                0 
2015-05-17                               11 
2015-05-18                                4 
2015-05-19                                1 
2015-05-20                                1 
2015-05-21                                2 
2015-05-22                                1 
2015-05-23                                3 
2015-05-24                                0 
2015-05-25                                0 
2015-05-26                                2 
2015-05-27                                1 
2015-05-28                                0 
2015-05-29                                1 
2015-05-30                                1 
2015-05-31                                1 
2015-06-01                                0 
2015-06-02                                1 
2015-06-03                                0 
2015-06-04                                1 
2015-06-05                                0 
2015-06-06                                0 
2015-06-07                                1 
2015-06-08                                1 
2015-06-09                                1 
2015-06-10                                1 
2015-06-11                                1 
2015-06-12                                0 
2015-06-13                                1 
2015-06-14                                0 
2015-06-15                                1 
2015-06-16                                1 
2015-06-17                                0 
2015-06-18                                1 
2015-06-19                                1 
2015-06-20                                0 
2015-06-21                                0 
2015-06-22                                1 
2015-06-23                                1 
2015-06-24                                0 
2015-06-25                                1 
2015-06-26                                1 
2015-06-27                                0 
2015-06-28                                0 
2015-06-29                                0 
2015-06-30                                1 
2015-07-01                                0 
2015-07-02                                0 
2015-07-03                                1 
2015-07-04                                1 
2015-07-05                                0 
2015-07-06                                0 
2015-07-07                                2 
2015-07-08                                1 
2015-07-09                                0 
2015-07-10                                1 
2015-07-11                                1 
2015-07-12                                0 
2015-07-13                                1 
2015-07-14                                1 
2015-07-15                                0 
2015-07-16                                1 
2015-07-17                                2 
2015-07-18                                0 
2015-07-19                                0 
2015-07-20                                0 
2015-07-21                                1 
2015-07-22                                0 
2015-07-23                                0 
2015-07-24                                0 
2015-07-25                                0 
2015-07-26                                0 
2015-07-27                                0 
2015-07-28                                1 
2015-07-29                                0 
2015-07-30                                0 
2015-07-31                                1 
2015-08-01                                0 
2015-08-02                                0 
2015-08-03                                1 
2015-08-04                                1 
2015-08-05                                1 
2015-08-06                                0 
2015-08-07                                1 
2015-08-08                                0 
2015-08-09                                0 
2015-08-10                                0 
2015-08-11                                0 
2015-08-12                                0 
2015-08-13                                0 
2015-08-14                                0 
2015-08-15                                0 
2015-08-16                                0 
2015-08-17                                0 
2015-08-18                                1 
2015-08-19                                0 
2015-08-20                                0 
2015-08-21                                0 
2015-08-22                                0 
2015-08-23                                0 
2015-08-24                                0 
2015-08-25                                0 
2015-08-26                                0 
2015-08-27                                0 
2015-08-28                                0 
2015-08-29                                0 
2015-08-30                                0 
2015-08-31                                0 
2015-09-01                                0 
2015-09-02                                0 
2015-09-03                                0 
2015-09-04                                0 
2015-09-05                                0 
2015-09-06                                0 
2015-09-07                                0 
2015-09-08                                0 
2015-09-09                                1 
2015-09-10                                1 
2015-09-11                                1 
2015-09-12                                1 
2015-09-13                                0 
2015-09-14                                1 
2015-09-15                                0 
2015-09-16                                1 
2015-09-17                                0 
2015-09-18                                1 
2015-09-19                                0 
2015-09-20                                0 
2015-09-21                                0 
2015-09-22                                1 
2015-09-23                                1 
2015-09-24                                1 
2015-09-25                                1 
2015-09-26                                0 
2015-09-27                                0 
2015-09-28                                0 
2015-09-29                                0 
2015-09-30                                0 
2015-10-01                                1 
2015-10-02                                1 
2015-10-03                                0 
2015-10-04                                0 
2015-10-05                                1 
2015-10-06                                1 
2015-10-07                                1 
2015-10-08                                1 
2015-10-09                                1 
2015-10-10                                0 
2015-10-11                                0 
2015-10-12                                1 
2015-10-13                                1 
2015-10-14                                1 
2015-10-15                                1 
2015-10-16                                1 
2015-10-17                                0 
2015-10-18                                0 
2015-10-19                                1 
2015-10-20                                0 
2015-10-21                                0 
2015-10-22                                1 
2015-10-23                                1 
2015-10-24                                1 
2015-10-25                                0 
2015-10-26                                1 
2015-10-27                                0 
2015-10-28                                0 
2015-10-29                                0 
2015-10-30                                1 
2015-10-31                                1 
2015-11-01                                0 
2015-11-02                                1 
2015-11-03                                0 
2015-11-04                                1 
2015-11-05                                1 
2015-11-06                                1 
2015-11-07                                1 
2015-11-08                                0 
2015-11-09                                1 
2015-11-10                                1 
2015-11-11                                1 
2015-11-12                                0 
2015-11-13                                0 
2015-11-14                                0 
2015-11-15                                0 
2015-11-16                                0 
2015-11-17                                1 
2015-11-18                                1 
2015-11-19                                1 
2015-11-20                                0 
2015-11-21                                0 
2015-11-22                                0 
2015-11-23                                0 
2015-11-24                                1 
2015-11-25                                0 
2015-11-26                                0 
2015-11-27                                0 
2015-11-28                                0 
2015-11-29                                0 
2015-11-30                                0 
2015-12-01                                0 
2015-12-02                                1 
2015-12-03                                0 
2015-12-04                                0 
2015-12-05                                0 
2015-12-06                                0 
2015-12-07                                0 
2015-12-08                                0 
2015-12-09                                1 
2015-12-10                                1 
2015-12-11                                1 
2015-12-12                                0 
2015-12-13                                0 
2015-12-14                                1 
2015-12-15                                1 
2015-12-16                                0 
2015-12-17                                1 
2015-12-18                                0 
2015-12-19                                0 
2015-12-20                                0 
2015-12-21                                0 
2015-12-22                                1 
2015-12-23                                1 
2015-12-24                                1 
2015-12-25                                0 
2015-12-26                                0 
2015-12-27                                0 
2015-12-28                                0 
2015-12-29                                1 
2015-12-30                                0 
2015-12-31                                0 
2016-01-01                                0 
2016-01-02                                0 
2016-01-03                                0 
2016-01-04                                0 
2016-01-05                                1 
2016-01-06                                0 
2016-01-07                                0 
2016-01-08                                1 
2016-01-09                                0 
2016-01-10                                0 
2016-01-11                                0 
2016-01-12                                1 
2016-01-13                                1 
2016-01-14                                0 
2016-01-15                                0 
2016-01-16                                0 
2016-01-17                                0 
2016-01-18                                1 
2016-01-19                                1 
2016-01-20                                1 
2016-01-21                                0 
2016-01-22                                1 
2016-01-23                                0 
2016-01-24                                0 
2016-01-25                                1 
2016-01-26                                1 
2016-01-27                                0 
2016-01-28                                1 
2016-01-29                                0 
2016-01-30                                1 
2016-01-31                                0 
2016-02-01                                1 
2016-02-02                                0 
2016-02-03                                1 
2016-02-04                                1 
2016-02-05                                0 
2016-02-06                                1 
2016-02-07                                0 
2016-02-08                                0 
2016-02-09                                0 
2016-02-10                                1 
2016-02-11                                0 
2016-02-12                                1 
2016-02-13                                0 
2016-02-14                                0 
2016-02-15                                0 
2016-02-16                                0 
2016-02-17                                1 
2016-02-18                                1 
2016-02-19                                1 
2016-02-20                                0 
2016-02-21                                0 
2016-02-22                                0 
2016-02-23                                1 
2016-02-24                                0 
2016-02-25                                1 
2016-02-26                                0 
2016-02-27                                0 
2016-02-28                                0 
2016-02-29                                1 
2016-03-01                                1 
2016-03-02                                0 
2016-03-03                                0 
2016-03-04                                1 
2016-03-05                                0 
2016-03-06                                0 
2016-03-07                                1 
2016-03-08                                0 
2016-03-09                                1 
2016-03-10                                1 
2016-03-11                                1 
2016-03-12                                0 
2016-03-13                                0 
2016-03-14                                0 
2016-03-15                                1 
2016-03-16                                0 
2016-03-17                                0 
2016-03-18                                0 
2016-03-19                                0 
2016-03-20                                0 
2016-03-21                                0 
2016-03-22                                0 
2016-03-23                                1 
2016-03-24                                1 
2016-03-25                                2 
2016-03-26                                1 
2016-03-27                                0 
2016-03-28                                0 
2016-03-29                                1 
2016-03-30                                1 
2016-03-31                                1 
2016-04-01                                1 
2016-04-02                                0 
2016-04-03                                0 
2016-04-04                                0 
2016-04-05                                1 
2016-04-06                                1 
2016-04-07                                1 
2016-04-08                                1 
2016-04-09                                0 
2016-04-10                                0 
2016-04-11                                0 
2016-04-12                                0 
2016-04-13                                1 
2016-04-14                                1 
2016-04-15                                1 
2016-04-16                                1 
2016-04-17                                0 
2016-04-18                                0 
2016-04-19                                1 
2016-04-20                                0 
2016-04-21                                1 
2016-04-22                                1 
2016-04-23                                0 
2016-04-24                                0 
2016-04-25                                0 
2016-04-26                                0 
2016-04-27                                1 
2016-04-28                                0 
2016-04-29                                0 
2016-04-30                                0 
2016-05-01                                0 
2016-05-02                                1 
2016-05-03                                1 
2016-05-04                                0 
2016-05-05                                1 
2016-05-06                                1 
2016-05-07                                0 
2016-05-08                                0 
2016-05-09                                0 
2016-05-10                                0 
2016-05-11                                0 
2016-05-12                                1 
2016-05-13                                1 
2016-05-14                                1 
2016-05-15                                0 
2016-05-16                                0 
2016-05-17                                1 
2016-05-18                                1 
2016-05-19                                0 
2016-05-20*                           0.7099 
2016-05-21*                           0.2656 
2016-05-22*                           0.1559 
2016-05-23*                           0.0919 
2016-05-24*                           0.4309 
2016-05-25*                           0.4807 
2016-05-26*                           0.4318 
2016-05-27*                           0.7475 
2016-05-28*                           0.4938 
2016-05-29*                           0.1167 

=== Evaluation on training data ===
Target                             1-step-ahead  2-steps-ahead  3-steps-ahead  4-steps-ahead  5-steps-ahead  6-steps-ahead  7-steps-ahead  8-steps-ahead  9-steps-ahead 10-steps-ahead
======================================================================================================================================================================================
Sottoarea_79.Prodotto_2.Vendite
  N                                         505            504            503            502            501            500            499            498            497            496
  Mean absolute error                    0.1638         0.1636         0.1634         0.1638         0.1641         0.1642          0.164         0.1639         0.1639         0.1637
  Mean absolute percentage error        14.9363        14.9363        14.9363        14.9363        14.9363        14.9363        14.9363        14.9363        14.9318        14.9318
  Root mean squared error                0.2764         0.2764         0.2764         0.2767          0.277         0.2772         0.2773         0.2774         0.2776         0.2776
  Mean squared error                     0.0764         0.0764         0.0764         0.0766         0.0767         0.0769         0.0769         0.0769          0.077          0.077

Total number of instances: 870

