=== Run information ===

Scheme:
	RandomForest -P 100 -I 300 -num-slots 1 -K 0 -M 1.0 -V 0.001 -S 1

Lagged and derived variable options:
	-F [Sottoarea_145.Prodotto_2.Vendite] -L 1 -M 365 -R "30, 60, 90, 365" -G Sottoarea_145.Prodotto_2.Data -dayofweek -weekend

Relation:     Prodotto2_Sottoarea_145-weka.filters.unsupervised.attribute.Remove-R1-6
Instances:    870
Attributes:   4
              Sottoarea_145.Prodotto_2.Data
              Sottoarea_145.Prodotto_2.Day
              Sottoarea_145.Prodotto_2.Season
              Sottoarea_145.Prodotto_2.Vendite

Transformed training data:

              Sottoarea_145.Prodotto_2.Vendite
              DayOfWeek
              Weekend
              Sottoarea_145.Prodotto_2.Data-remapped
              Lag_Sottoarea_145.Prodotto_2.Vendite-30
              Lag_Sottoarea_145.Prodotto_2.Vendite-60
              Lag_Sottoarea_145.Prodotto_2.Vendite-90
              Lag_Sottoarea_145.Prodotto_2.Vendite-365
              Sottoarea_145.Prodotto_2.Data-remapped^2
              Sottoarea_145.Prodotto_2.Data-remapped^3
              Sottoarea_145.Prodotto_2.Data-remapped*Lag_Sottoarea_145.Prodotto_2.Vendite-30
              Sottoarea_145.Prodotto_2.Data-remapped*Lag_Sottoarea_145.Prodotto_2.Vendite-60
              Sottoarea_145.Prodotto_2.Data-remapped*Lag_Sottoarea_145.Prodotto_2.Vendite-90
              Sottoarea_145.Prodotto_2.Data-remapped*Lag_Sottoarea_145.Prodotto_2.Vendite-365

Sottoarea_145.Prodotto_2.Vendite:
RandomForest

Bagging with 300 iterations and base learner

weka.classifiers.trees.RandomTree -K 0 -M 1.0 -V 0.001 -S 1 -do-not-check-capabilities

=== Predictions for training data: Sottoarea_145.Prodotto_2.Vendite (10-steps ahead) ===

      inst#       actual    predicted        error
        375            2       2.8319       0.8319
        376            1       0.9546      -0.0454
        377            2       2.2985       0.2985
        378            2       2.4859       0.4859
        379            3        3.544        0.544
        380            4       3.8373      -0.1627
        381            4       4.1161       0.1161
        382            0       0.7271       0.7271
        383            0       0.5851       0.5851
        384            3       3.1743       0.1743
        385            3       2.6982      -0.3018
        386            5         4.71        -0.29
        387            3       3.8279       0.8279
        388            7        5.894       -1.106
        389            2       2.0091       0.0091
        390            2       1.9015      -0.0985
        391            2       2.4504       0.4504
        392            3       2.9435      -0.0565
        393            4       4.0105       0.0105
        394            2       2.8004       0.8004
        395            3       3.8086       0.8086
        396            1       1.8499       0.8499
        397            2       2.4582       0.4582
        398            2        3.274        1.274
        399            2       2.6643       0.6643
        400            3       4.2337       1.2337
        401            7       6.6543      -0.3457
        402            4       4.3639       0.3639
        403            3       3.2187       0.2187
        404            3       3.2908       0.2908
        405           19      13.3347      -5.6653
        406            3       3.3136       0.3136
        407            5       5.2728       0.2728
        408            2       4.4146       2.4146
        409            8       6.7996      -1.2004
        410            6       4.7418      -1.2582
        411            7       5.2015      -1.7985
        412            4       4.7429       0.7429
        413            6        5.274       -0.726
        414           22      15.1126      -6.8874
        415            7       6.5958      -0.4042
        416            6       5.3729      -0.6271
        417            5       4.6812      -0.3188
        418            2       2.2157       0.2157
        419            8       7.5733      -0.4267
        420            5       4.8903      -0.1097
        421            3       3.6279       0.6279
        422            3       4.8414       1.8414
        423            7       6.2512      -0.7488
        424            5       4.7586      -0.2414
        425            1       1.9526       0.9526
        426            4       5.0075       1.0075
        427            4        4.517        0.517
        428            4       4.4386       0.4386
        429           20      13.9312      -6.0688
        430            3       3.6488       0.6488
        431            4       3.9602      -0.0398
        432            3       2.8601      -0.1399
        433           10       8.0723      -1.9277
        434            4       4.3394       0.3394
        435            5       4.9718      -0.0282
        436            6       6.2776       0.2776
        437            5       4.8807      -0.1193
        438            7       5.4411      -1.5589
        439            1       1.5459       0.5459
        440            2       3.1672       1.1672
        441            4       4.2549       0.2549
        442            3       3.4291       0.4291
        443            9       7.2922      -1.7078
        444            4        4.418        0.418
        445            2       2.1517       0.1517
        446            2       2.2048       0.2048
        447            7        5.387       -1.613
        448            4        3.585       -0.415
        449            3       3.6422       0.6422
        450            5       5.1698       0.1698
        451            5       4.7638      -0.2362
        452            3       3.0967       0.0967
        453            2       2.0775       0.0775
        454            3       3.7484       0.7484
        455            3       3.5565       0.5565
        456            3        3.499        0.499
        457            6         5.76        -0.24
        458            5       4.7746      -0.2254
        459            4       4.1996       0.1996
        460            2       1.9999      -0.0001
        461            1       2.7643       1.7643
        462            4       4.3933       0.3933
        463            5       5.4557       0.4557
        464            6       5.6701      -0.3299
        465            3       3.9392       0.9392
        466            0       0.9225       0.9225
        467            5       3.8632      -1.1368
        468            5       4.7695      -0.2305
        469            7       6.0721      -0.9279
        470            4       3.9309      -0.0691
        471            3       4.4644       1.4644
        472            3       3.5466       0.5466
        473            8       6.0697      -1.9303
        474            2       2.4247       0.4247
        475            3       3.2809       0.2809
        476            2       2.5024       0.5024
        477            3       3.4525       0.4525
        478            7       6.2313      -0.7687
        479            4       4.0224       0.0224
        480            3       2.8561      -0.1439
        481            1       1.8034       0.8034
        482            3       3.3349       0.3349
        483            5       5.1206       0.1206
        484            2       2.7117       0.7117
        485            6       5.4512      -0.5488
        486            4       3.9308      -0.0692
        487            2       2.2603       0.2603
        488            6       4.6817      -1.3183
        489            5       5.1669       0.1669
        490            4       4.4285       0.4285
        491            4       3.9508      -0.0492
        492            4        4.494        0.494
        493            7       5.7873      -1.2127
        494            3       2.7791      -0.2209
        495            2       2.3692       0.3692
        496            5       4.4207      -0.5793
        497            6       5.6468      -0.3532
        498            2        2.769        0.769
        499            4        4.654        0.654
        500            2       2.6838       0.6838
        501            2       2.2638       0.2638
        502            4       3.0387      -0.9613
        503            4       4.3161       0.3161
        504            6       5.2187      -0.7813
        505            3       3.1731       0.1731
        506            3       3.9918       0.9918
        507            3       3.3451       0.3451
        508            3        2.729       -0.271
        509            1       1.3686       0.3686
        510            4       4.3923       0.3923
        511            5       4.8601      -0.1399
        512            5       4.3408      -0.6592
        513            4       4.4435       0.4435
        514            5       4.6113      -0.3887
        515            2        1.874       -0.126
        516            1       1.2517       0.2517
        517            3       3.4666       0.4666
        518            2       2.9905       0.9905
        519            1       3.3924       2.3924
        520            5       5.1587       0.1587
        521            4       3.9855      -0.0145
        522            2       2.1696       0.1696
        523            2       1.7634      -0.2366
        524            8       6.5789      -1.4211
        525            5       5.1843       0.1843
        526            5       4.5226      -0.4774
        527            8       6.6417      -1.3583
        528            2        3.172        1.172
        529            5       3.7833      -1.2167
        530            2       1.8736      -0.1264
        531            2        2.697        0.697
        532            8       6.6935      -1.3065
        533            6       5.6035      -0.3965
        534            7       6.1319      -0.8681
        535            3       3.7439       0.7439
        536            0       1.1554       1.1554
        537            1       1.2127       0.2127
        538            5       4.9908      -0.0092
        539            4       4.1221       0.1221
        540            3       3.4957       0.4957
        541            4       4.3773       0.3773
        542            5       5.0414       0.0414
        543            2       2.1045       0.1045
        544            1       0.9273      -0.0727
        545            3       3.4114       0.4114
        546            4       4.0933       0.0933
        547            2       2.6193       0.6193
        548            3        3.706        0.706
        549            8        6.332       -1.668
        550            3       2.5114      -0.4886
        551            0       0.6539       0.6539
        552            3       3.4537       0.4537
        553           11       9.0668      -1.9332
        554            7        5.824       -1.176
        555            6       5.6578      -0.3422
        556            4       4.3742       0.3742
        557            3       2.4696      -0.5304
        558            1       0.9304      -0.0696
        559            4       3.8606      -0.1394
        560            4       4.4654       0.4654
        561            4       3.8681      -0.1319
        562            4       4.4958       0.4958
        563            6       5.1463      -0.8537
        564            1       1.4627       0.4627
        565            0       0.4192       0.4192
        566            5       4.5344      -0.4656
        567            4       4.2219       0.2219
        568            3        3.646        0.646
        569            8       6.4564      -1.5436
        570            7       5.9215      -1.0785
        571            2        1.967       -0.033
        572            1       0.9267      -0.0733
        573            5       4.4783      -0.5217
        574            6       5.2565      -0.7435
        575            3       3.1434       0.1434
        576            3       3.9703       0.9703
        577            8       6.7362      -1.2638
        578            2       1.8628      -0.1372
        579            0       0.3042       0.3042
        580            5       4.6442      -0.3558
        581            3       3.1777       0.1777
        582            3       3.3122       0.3122
        583            5       4.7626      -0.2374
        584            3       3.8229       0.8229
        585            2       1.8568      -0.1432
        586            0       0.3801       0.3801
        587            5         4.67        -0.33
        588            3       3.4917       0.4917
        589            4        3.782       -0.218
        590            3       3.3572       0.3572
        591            3       3.5117       0.5117
        592            2       1.7519      -0.2481
        593            0       0.5102       0.5102
        594            1       1.9294       0.9294
        595            3       3.1911       0.1911
        596            3        3.302        0.302
        597            2       2.6248       0.6248
        598            2       2.9623       0.9623
        599            1       1.4941       0.4941
        600            1       0.8097      -0.1903
        601            3       3.2466       0.2466
        602            2       2.8852       0.8852
        603            3       3.1135       0.1135
        604            2       2.7274       0.7274
        605            4       3.9602      -0.0398
        606            2       1.6406      -0.3594
        607            0       0.2875       0.2875
        608            2       2.9156       0.9156
        609            3       3.4195       0.4195
        610            2       2.6557       0.6557
        611            3        3.436        0.436
        612            4       3.9642      -0.0358
        613            0       0.6895       0.6895
        614            2       1.5264      -0.4736
        615            3       3.2414       0.2414
        616            4       3.6486      -0.3514
        617            4       3.8089      -0.1911
        618            3       3.2155       0.2155
        619            3       3.3419       0.3419
        620            2       1.7208      -0.2792
        621            1       0.9985      -0.0015
        622            4       3.5737      -0.4263
        623            3       3.5106       0.5106
        624            4       4.0543       0.0543
        625            4       4.0179       0.0179
        626            3       3.2961       0.2961
        627            0       0.7858       0.7858
        628            1       0.9633      -0.0367
        629            4       3.7468      -0.2532
        630            6        5.651       -0.349
        631            5       4.5802      -0.4198
        632            5       4.8466      -0.1534
        633            3        3.414        0.414
        634            2       1.7439      -0.2561
        635            1       1.1099       0.1099
        636            3        3.398        0.398
        637            3       3.6718       0.6718
        638            3       3.4342       0.4342
        639            8       6.6048      -1.3952
        640            5       4.8962      -0.1038
        641            4       3.3324      -0.6676
        642            2       1.5857      -0.4143
        643            5       4.3851      -0.6149
        644            6        5.485       -0.515
        645            5       4.5151      -0.4849
        646            4       4.1906       0.1906
        647            6       5.1649      -0.8351
        648            0       0.9961       0.9961
        649            1       0.9085      -0.0915
        650            5        4.223       -0.777
        651            8       6.7737      -1.2263
        652            5       4.5724      -0.4276
        653            5       4.9605      -0.0395
        654            5       4.7473      -0.2527
        655            2       2.6508       0.6508
        656            0       0.2379       0.2379
        657            3       3.4288       0.4288
        658            4       4.5827       0.5827
        659            4       4.2767       0.2767
        660            4       4.1026       0.1026
        661            5       5.3624       0.3624
        662            3       2.4343      -0.5657
        663            0       0.2136       0.2136
        664            2       2.6323       0.6323
        665            4       4.0105       0.0105
        666            4       4.0389       0.0389
        667            4       4.7438       0.7438
        668            3       3.4869       0.4869
        669            3        2.723       -0.277
        670            0       0.2968       0.2968
        671            2       2.6297       0.6297
        672            3       3.7182       0.7182
        673            6       5.2438      -0.7562
        674            4       4.1196       0.1196
        675            6       5.7628      -0.2372
        676            3       2.9925      -0.0075
        677            1       0.7802      -0.2198
        678            3        3.185        0.185
        679            7       6.2399      -0.7601
        680            3       3.2932       0.2932
        681            3       3.6827       0.6827
        682            7       6.3651      -0.6349
        683            1       2.0279       1.0279
        684            1       0.8541      -0.1459
        685            4       3.7448      -0.2552
        686            4       3.7715      -0.2285
        687            5       4.3704      -0.6296
        688            3       3.3113       0.3113
        689            3        3.903        0.903
        690            2       2.1386       0.1386
        691            2         1.42        -0.58
        692            4       3.8318      -0.1682
        693            2       2.8504       0.8504
        694            3       3.3775       0.3775
        695            5       4.4154      -0.5846
        696            8       6.7284      -1.2716
        697            6       4.5711      -1.4289
        698            0       0.2966       0.2966
        699            4       3.8116      -0.1884
        700            4         3.96        -0.04
        701            5       4.3767      -0.6233
        702            7       6.2102      -0.7898
        703            6       5.3504      -0.6496
        704            2       2.1162       0.1162
        705            0       0.5015       0.5015
        706            1       2.0885       1.0885
        707            1       2.0262       1.0262
        708            2       2.7143       0.7143
        709            8       6.4554      -1.5446
        710            3         3.52         0.52
        711            2       2.1919       0.1919
        712            1       0.7531      -0.2469
        713            3       3.1206       0.1206
        714            4       4.3148       0.3148
        715            2       2.6861       0.6861
        716            3        3.889        0.889
        717            2       3.5181       1.5181
        718            2        1.938       -0.062
        719            0       0.2912       0.2912
        720            1       2.0487       1.0487
        721            6       5.3738      -0.6262
        722            7       5.4124      -1.5876
        723            7       6.5001      -0.4999
        724            1       1.8268       0.8268
        725            0       0.5746       0.5746
        726            0       0.3567       0.3567
        727            6       4.6802      -1.3198
        728            4       3.9201      -0.0799
        729            2       3.0548       1.0548
        730            2       2.8659       0.8659
        731            0       1.4418       1.4418
        732            1       1.4936       0.4936
        733            0       0.3367       0.3367
        734            4       3.2664      -0.7336
        735            6       5.1837      -0.8163
        736            0       1.7349       1.7349
        737            2       3.5856       1.5856
        738            6       5.3391      -0.6609
        739            2       2.0045       0.0045
        740            1       0.7833      -0.2167
        741            2       2.6118       0.6118
        742            5       5.1137       0.1137
        743            4       4.2771       0.2771
        744            3       3.3866       0.3866
        745            5       4.9151      -0.0849
        746            2         2.47         0.47
        747            1       1.0164       0.0164
        748            5         4.13        -0.87
        749            4       4.0279       0.0279
        750            4       3.7084      -0.2916
        751            4       4.2525       0.2525
        752            3       3.5635       0.5635
        753            2        2.312        0.312
        754            1       1.0089       0.0089
        755            3       3.0095       0.0095
        756            4       3.9874      -0.0126
        757            5       4.6288      -0.3712
        758            6       5.3167      -0.6833
        759            5       4.6222      -0.3778
        760            3       2.9825      -0.0175
        761            1       1.0163       0.0163
        762            3       3.1804       0.1804
        763            3       3.4697       0.4697
        764            3       3.1749       0.1749
        765            5       4.9163      -0.0837
        766            3       3.7916       0.7916
        767            5       4.1768      -0.8232
        768            1       0.9318      -0.0682
        769            2       2.4432       0.4432
        770            4       4.3675       0.3675
        771            4        3.918       -0.082
        772            6        5.375       -0.625
        773            8       6.9791      -1.0209
        774            5       3.8456      -1.1544
        775            1        1.036        0.036
        776            3       3.0889       0.0889
        777            5       4.8234      -0.1766
        778            4       4.1773       0.1773
        779            8       6.8299      -1.1701
        780            5        5.129        0.129
        781            3       2.6568      -0.3432
        782            1       0.9534      -0.0466
        783            4       3.7815      -0.2185
        784            6       5.3393      -0.6607
        785            4       4.4671       0.4671
        786            5       5.0848       0.0848
        787            3       3.4612       0.4612
        788            2       2.2901       0.2901
        789            1       1.0194       0.0194
        790            3       2.8559      -0.1441
        791            4       4.3734       0.3734
        792            7       6.1907      -0.8093
        793            7       5.8578      -1.1422
        794           10        7.908       -2.092
        795            5       4.1798      -0.8202
        796            2       1.7913      -0.2087
        797            3       3.3507       0.3507
        798            6       5.5262      -0.4738
        799            6       5.4665      -0.5335
        800            3       4.0432       1.0432
        801            6       5.7061      -0.2939
        802            2       2.1597       0.1597
        803            2        1.519       -0.481
        804            2       2.2701       0.2701
        805            6        5.466       -0.534
        806            5       4.8033      -0.1967
        807            5       4.7443      -0.2557
        808            4       4.8297       0.8297
        809            2        2.341        0.341
        810            0       0.3826       0.3826
        811            2       2.2232       0.2232
        812            1        2.346        1.346
        813            5         5.02         0.02
        814            5       4.7745      -0.2255
        815            8       6.8201      -1.1799
        816            3       2.9246      -0.0754
        817            1        0.996       -0.004
        818            0       0.9905       0.9905
        819            4       4.3578       0.3578
        820            5       4.4846      -0.5154
        821            3        3.673        0.673
        822            4       4.9948       0.9948
        823            3       2.8883      -0.1117
        824            1       1.0813       0.0813
        825            3       2.7414      -0.2586
        826            5       4.8953      -0.1047
        827            4       4.0706       0.0706
        828            3       3.6324       0.6324
        829            5       5.1136       0.1136
        830            2       2.1496       0.1496
        831            1       0.8733      -0.1267
        832            3       2.8165      -0.1835
        833            3       4.0397       1.0397
        834            2       2.8436       0.8436
        835            3        3.586        0.586
        836            5       5.3466       0.3466
        837            3       2.6167      -0.3833
        838            1       1.1484       0.1484
        839            3       2.6564      -0.3436
        840            3       3.4311       0.4311
        841            2       2.5254       0.5254
        842            9       7.4697      -1.5303
        843            7       6.7213      -0.2787
        844            2       2.1961       0.1961
        845            0       0.4286       0.4286
        846            0       1.2199       1.2199
        847            4       4.1038       0.1038
        848            3       3.6628       0.6628
        849            4       4.0763       0.0763
        850           10       8.0696      -1.9304
        851            2        2.043        0.043
        852            1         0.88        -0.12
        853            6       5.0857      -0.9143
        854            3       3.7935       0.7935
        855            4       4.0534       0.0534
        856            7       6.3121      -0.6879
        857            4       4.7664       0.7664
        858            2       2.2884       0.2884
        859            0       0.2501       0.2501
        860            3         2.93        -0.07
        861            5       4.6262      -0.3738
        862            7       5.8398      -1.1602
        863            4       4.4388       0.4388
        864            3       3.7929       0.7929
        865            2       2.0362       0.0362
        866            1       0.7834      -0.2166
        867            4       3.5716      -0.4284
        868            5       4.7531      -0.2469
        869            4       4.7951       0.7951
        870            3       3.6191       0.6191
        871            ?       4.9578            ?
        872            ?       3.3186            ?
        873            ?       0.6234            ?
        874            ?       2.4576            ?
        875            ?       4.0953            ?
        876            ?       3.9782            ?
        877            ?       5.0825            ?
        878            ?        5.334            ?
        879            ?       2.3032            ?

=== Future predictions from end of training data ===
Time        Sottoarea_145.Prodotto_2.Vendite 
2014-01-01                                 0 
2014-01-02                                 2 
2014-01-03                                 1 
2014-01-04                                 0 
2014-01-05                                 0 
2014-01-06                                 0 
2014-01-07                                 2 
2014-01-08                                 5 
2014-01-09                                 6 
2014-01-10                                 4 
2014-01-11                                 0 
2014-01-12                                 0 
2014-01-13                                 2 
2014-01-14                                 3 
2014-01-15                                 5 
2014-01-16                                 3 
2014-01-17                                 5 
2014-01-18                                 0 
2014-01-19                                 2 
2014-01-20                                 4 
2014-01-21                                 4 
2014-01-22                                 6 
2014-01-23                                 0 
2014-01-24                                 5 
2014-01-25                                 6 
2014-01-26                                 0 
2014-01-27                                 1 
2014-01-28                                 3 
2014-01-29                                 6 
2014-01-30                                 7 
2014-01-31                                 6 
2014-02-01                                 3 
2014-02-02                                 1 
2014-02-03                                 2 
2014-02-04                                 9 
2014-02-05                                 2 
2014-02-06                                 2 
2014-02-07                                 8 
2014-02-08                                 3 
2014-02-09                                 0 
2014-02-10                                 1 
2014-02-11                                 4 
2014-02-12                                 7 
2014-02-13                                 6 
2014-02-14                                 5 
2014-02-15                                 3 
2014-02-16                                 0 
2014-02-17                                 2 
2014-02-18                                 3 
2014-02-19                                 5 
2014-02-20                                 5 
2014-02-21                                 4 
2014-02-22                                 2 
2014-02-23                                 0 
2014-02-24                                 1 
2014-02-25                                 4 
2014-02-26                                 7 
2014-02-27                                 3 
2014-02-28                                 6 
2014-03-01                                 2 
2014-03-02                                 1 
2014-03-03                                 2 
2014-03-04                                 4 
2014-03-05                                 7 
2014-03-06                                 5 
2014-03-07                                 4 
2014-03-08                                 2 
2014-03-09                                 0 
2014-03-10                                 2 
2014-03-11                                 3 
2014-03-12                                 6 
2014-03-13                                 6 
2014-03-14                                 5 
2014-03-15                                 3 
2014-03-16                                 0 
2014-03-17                                 3 
2014-03-18                                 6 
2014-03-19                                 0 
2014-03-20                                 0 
2014-03-21                                 0 
2014-03-22                                 0 
2014-03-23                                 0 
2014-03-24                                 0 
2014-03-25                                 0 
2014-03-26                                 3 
2014-03-27                                 4 
2014-03-28                                 4 
2014-03-29                                 1 
2014-03-30                                 0 
2014-03-31                                 3 
2014-04-01                                 6 
2014-04-02                                 4 
2014-04-03                                 3 
2014-04-04                                 5 
2014-04-05                                 1 
2014-04-06                                 0 
2014-04-07                                 3 
2014-04-08                                 1 
2014-04-09                                 6 
2014-04-10                                 5 
2014-04-11                                 3 
2014-04-12                                 1 
2014-04-13                                 0 
2014-04-14                                 2 
2014-04-15                                 4 
2014-04-16                                 8 
2014-04-17                                 3 
2014-04-18                                 5 
2014-04-19                                 2 
2014-04-20                                 0 
2014-04-21                                 0 
2014-04-22                                 1 
2014-04-23                                 3 
2014-04-24                                 4 
2014-04-25                                 2 
2014-04-26                                 0 
2014-04-27                                 2 
2014-04-28                                 2 
2014-04-29                                 5 
2014-04-30                                 4 
2014-05-01                                 1 
2014-05-02                                 2 
2014-05-03                                 2 
2014-05-04                                 0 
2014-05-05                                 2 
2014-05-06                                 4 
2014-05-07                                 4 
2014-05-08                                 5 
2014-05-09                                 5 
2014-05-10                                 2 
2014-05-11                                 0 
2014-05-12                                 2 
2014-05-13                                 3 
2014-05-14                                 7 
2014-05-15                                 6 
2014-05-16                                 5 
2014-05-17                                 2 
2014-05-18                                 0 
2014-05-19                                 1 
2014-05-20                                 5 
2014-05-21                                 4 
2014-05-22                                 3 
2014-05-23                                 4 
2014-05-24                                 1 
2014-05-25                                 0 
2014-05-26                                 2 
2014-05-27                                 4 
2014-05-28                                 4 
2014-05-29                                 3 
2014-05-30                                 3 
2014-05-31                                 1 
2014-06-01                                 0 
2014-06-02                                 0 
2014-06-03                                 2 
2014-06-04                                 6 
2014-06-05                                 3 
2014-06-06                                 2 
2014-06-07                                 1 
2014-06-08                                 0 
2014-06-09                                 4 
2014-06-10                                 3 
2014-06-11                                 4 
2014-06-12                                 5 
2014-06-13                                 4 
2014-06-14                                 1 
2014-06-15                                 0 
2014-06-16                                 2 
2014-06-17                                 3 
2014-06-18                                 3 
2014-06-19                                 3 
2014-06-20                                 5 
2014-06-21                                 2 
2014-06-22                                 1 
2014-06-23                                 2 
2014-06-24                                 2 
2014-06-25                                 3 
2014-06-26                                 4 
2014-06-27                                 4 
2014-06-28                                 1 
2014-06-29                                 1 
2014-06-30                                 2 
2014-07-01                                 4 
2014-07-02                                 3 
2014-07-03                                 4 
2014-07-04                                 2 
2014-07-05                                 1 
2014-07-06                                 0 
2014-07-07                                 2 
2014-07-08                                 2 
2014-07-09                                 6 
2014-07-10                                 4 
2014-07-11                                 4 
2014-07-12                                 1 
2014-07-13                                 2 
2014-07-14                                 2 
2014-07-15                                 6 
2014-07-16                                 3 
2014-07-17                                 4 
2014-07-18                                 3 
2014-07-19                                 1 
2014-07-20                                 0 
2014-07-21                                 2 
2014-07-22                                 2 
2014-07-23                                 5 
2014-07-24                                 4 
2014-07-25                                 3 
2014-07-26                                 2 
2014-07-27                                 0 
2014-07-28                                 2 
2014-07-29                                 3 
2014-07-30                                 4 
2014-07-31                                 4 
2014-08-01                                 5 
2014-08-02                                 1 
2014-08-03                                 2 
2014-08-04                                 2 
2014-08-05                                 6 
2014-08-06                                 2 
2014-08-07                                 3 
2014-08-08                                 3 
2014-08-09                                 2 
2014-08-10                                 0 
2014-08-11                                 1 
2014-08-12                                 3 
2014-08-13                                 2 
2014-08-14                                 4 
2014-08-15                                 0 
2014-08-16                                 0 
2014-08-17                                 1 
2014-08-18                                 2 
2014-08-19                                 3 
2014-08-20                                 4 
2014-08-21                                 2 
2014-08-22                                 4 
2014-08-23                                 1 
2014-08-24                                 0 
2014-08-25                                 1 
2014-08-26                                 4 
2014-08-27                                 3 
2014-08-28                                 3 
2014-08-29                                 2 
2014-08-30                                 1 
2014-08-31                                 0 
2014-09-01                                 1 
2014-09-02                                 4 
2014-09-03                                 1 
2014-09-04                                 2 
2014-09-05                                 2 
2014-09-06                                 1 
2014-09-07                                 0 
2014-09-08                                 1 
2014-09-09                                 4 
2014-09-10                                 1 
2014-09-11                                 3 
2014-09-12                                 2 
2014-09-13                                 1 
2014-09-14                                 0 
2014-09-15                                 2 
2014-09-16                                 3 
2014-09-17                                 3 
2014-09-18                                 3 
2014-09-19                                 3 
2014-09-20                                 1 
2014-09-21                                 0 
2014-09-22                                 2 
2014-09-23                                 5 
2014-09-24                                 5 
2014-09-25                                 5 
2014-09-26                                 3 
2014-09-27                                 1 
2014-09-28                                 0 
2014-09-29                                 2 
2014-09-30                                 7 
2014-10-01                                 3 
2014-10-02                                 6 
2014-10-03                                 4 
2014-10-04                                 2 
2014-10-05                                 0 
2014-10-06                                 1 
2014-10-07                                 3 
2014-10-08                                 6 
2014-10-09                                 2 
2014-10-10                                 4 
2014-10-11                                 2 
2014-10-12                                 0 
2014-10-13                                 3 
2014-10-14                                 6 
2014-10-15                                 4 
2014-10-16                                 5 
2014-10-17                                 6 
2014-10-18                                 2 
2014-10-19                                 0 
2014-10-20                                 2 
2014-10-21                                 5 
2014-10-22                                 6 
2014-10-23                                 5 
2014-10-24                                 5 
2014-10-25                                 0 
2014-10-26                                 1 
2014-10-27                                 1 
2014-10-28                                 7 
2014-10-29                                 8 
2014-10-30                                 6 
2014-10-31                                 6 
2014-11-01                                 2 
2014-11-02                                 0 
2014-11-03                                 3 
2014-11-04                                 5 
2014-11-05                                 3 
2014-11-06                                 2 
2014-11-07                                 4 
2014-11-08                                 2 
2014-11-09                                 0 
2014-11-10                                 2 
2014-11-11                                 3 
2014-11-12                                 3 
2014-11-13                                 5 
2014-11-14                                 5 
2014-11-15                                 2 
2014-11-16                                 1 
2014-11-17                                 3 
2014-11-18                                 4 
2014-11-19                                 3 
2014-11-20                                 9 
2014-11-21                                 4 
2014-11-22                                 0 
2014-11-23                                 0 
2014-11-24                                 7 
2014-11-25                                 6 
2014-11-26                                 3 
2014-11-27                                 6 
2014-11-28                                 5 
2014-11-29                                 2 
2014-11-30                                 0 
2014-12-01                                 3 
2014-12-02                                 8 
2014-12-03                                10 
2014-12-04                                 3 
2014-12-05                                 4 
2014-12-06                                 7 
2014-12-07                                 0 
2014-12-08                                 0 
2014-12-09                                 2 
2014-12-10                                 4 
2014-12-11                                 2 
2014-12-12                                 5 
2014-12-13                                 2 
2014-12-14                                 2 
2014-12-15                                 3 
2014-12-16                                 3 
2014-12-17                                 4 
2014-12-18                                 5 
2014-12-19                                 3 
2014-12-20                                 3 
2014-12-21                                 0 
2014-12-22                                 1 
2014-12-23                                 1 
2014-12-24                                 8 
2014-12-25                                 0 
2014-12-26                                 0 
2014-12-27                                 0 
2014-12-28                                 0 
2014-12-29                                 3 
2014-12-30                                 3 
2014-12-31                                 4 
2015-01-01                                 1 
2015-01-02                                 7 
2015-01-03                                 2 
2015-01-04                                 1 
2015-01-05                                 4 
2015-01-06                                 0 
2015-01-07                                 6 
2015-01-08                                 8 
2015-01-09                                 3 
2015-01-10                                 2 
2015-01-11                                 1 
2015-01-12                                 2 
2015-01-13                                 2 
2015-01-14                                 3 
2015-01-15                                 4 
2015-01-16                                 4 
2015-01-17                                 0 
2015-01-18                                 0 
2015-01-19                                 3 
2015-01-20                                 3 
2015-01-21                                 5 
2015-01-22                                 3 
2015-01-23                                 7 
2015-01-24                                 2 
2015-01-25                                 2 
2015-01-26                                 2 
2015-01-27                                 3 
2015-01-28                                 4 
2015-01-29                                 2 
2015-01-30                                 3 
2015-01-31                                 1 
2015-02-01                                 2 
2015-02-02                                 2 
2015-02-03                                 2 
2015-02-04                                 3 
2015-02-05                                 7 
2015-02-06                                 4 
2015-02-07                                 3 
2015-02-08                                 3 
2015-02-09                                19 
2015-02-10                                 3 
2015-02-11                                 5 
2015-02-12                                 2 
2015-02-13                                 8 
2015-02-14                                 6 
2015-02-15                                 7 
2015-02-16                                 4 
2015-02-17                                 6 
2015-02-18                                22 
2015-02-19                                 7 
2015-02-20                                 6 
2015-02-21                                 5 
2015-02-22                                 2 
2015-02-23                                 8 
2015-02-24                                 5 
2015-02-25                                 3 
2015-02-26                                 3 
2015-02-27                                 7 
2015-02-28                                 5 
2015-03-01                                 1 
2015-03-02                                 4 
2015-03-03                                 4 
2015-03-04                                 4 
2015-03-05                                20 
2015-03-06                                 3 
2015-03-07                                 4 
2015-03-08                                 3 
2015-03-09                                10 
2015-03-10                                 4 
2015-03-11                                 5 
2015-03-12                                 6 
2015-03-13                                 5 
2015-03-14                                 7 
2015-03-15                                 1 
2015-03-16                                 2 
2015-03-17                                 4 
2015-03-18                                 3 
2015-03-19                                 9 
2015-03-20                                 4 
2015-03-21                                 2 
2015-03-22                                 2 
2015-03-23                                 7 
2015-03-24                                 4 
2015-03-25                                 3 
2015-03-26                                 5 
2015-03-27                                 5 
2015-03-28                                 3 
2015-03-29                                 2 
2015-03-30                                 3 
2015-03-31                                 3 
2015-04-01                                 3 
2015-04-02                                 6 
2015-04-03                                 5 
2015-04-04                                 4 
2015-04-05                                 2 
2015-04-06                                 1 
2015-04-07                                 4 
2015-04-08                                 5 
2015-04-09                                 6 
2015-04-10                                 3 
2015-04-11                                 0 
2015-04-12                                 5 
2015-04-13                                 5 
2015-04-14                                 7 
2015-04-15                                 4 
2015-04-16                                 3 
2015-04-17                                 3 
2015-04-18                                 8 
2015-04-19                                 2 
2015-04-20                                 3 
2015-04-21                                 2 
2015-04-22                                 3 
2015-04-23                                 7 
2015-04-24                                 4 
2015-04-25                                 3 
2015-04-26                                 1 
2015-04-27                                 3 
2015-04-28                                 5 
2015-04-29                                 2 
2015-04-30                                 6 
2015-05-01                                 4 
2015-05-02                                 2 
2015-05-03                                 6 
2015-05-04                                 5 
2015-05-05                                 4 
2015-05-06                                 4 
2015-05-07                                 4 
2015-05-08                                 7 
2015-05-09                                 3 
2015-05-10                                 2 
2015-05-11                                 5 
2015-05-12                                 6 
2015-05-13                                 2 
2015-05-14                                 4 
2015-05-15                                 2 
2015-05-16                                 2 
2015-05-17                                 4 
2015-05-18                                 4 
2015-05-19                                 6 
2015-05-20                                 3 
2015-05-21                                 3 
2015-05-22                                 3 
2015-05-23                                 3 
2015-05-24                                 1 
2015-05-25                                 4 
2015-05-26                                 5 
2015-05-27                                 5 
2015-05-28                                 4 
2015-05-29                                 5 
2015-05-30                                 2 
2015-05-31                                 1 
2015-06-01                                 3 
2015-06-02                                 2 
2015-06-03                                 1 
2015-06-04                                 5 
2015-06-05                                 4 
2015-06-06                                 2 
2015-06-07                                 2 
2015-06-08                                 8 
2015-06-09                                 5 
2015-06-10                                 5 
2015-06-11                                 8 
2015-06-12                                 2 
2015-06-13                                 5 
2015-06-14                                 2 
2015-06-15                                 2 
2015-06-16                                 8 
2015-06-17                                 6 
2015-06-18                                 7 
2015-06-19                                 3 
2015-06-20                                 0 
2015-06-21                                 1 
2015-06-22                                 5 
2015-06-23                                 4 
2015-06-24                                 3 
2015-06-25                                 4 
2015-06-26                                 5 
2015-06-27                                 2 
2015-06-28                                 1 
2015-06-29                                 3 
2015-06-30                                 4 
2015-07-01                                 2 
2015-07-02                                 3 
2015-07-03                                 8 
2015-07-04                                 3 
2015-07-05                                 0 
2015-07-06                                 3 
2015-07-07                                11 
2015-07-08                                 7 
2015-07-09                                 6 
2015-07-10                                 4 
2015-07-11                                 3 
2015-07-12                                 1 
2015-07-13                                 4 
2015-07-14                                 4 
2015-07-15                                 4 
2015-07-16                                 4 
2015-07-17                                 6 
2015-07-18                                 1 
2015-07-19                                 0 
2015-07-20                                 5 
2015-07-21                                 4 
2015-07-22                                 3 
2015-07-23                                 8 
2015-07-24                                 7 
2015-07-25                                 2 
2015-07-26                                 1 
2015-07-27                                 5 
2015-07-28                                 6 
2015-07-29                                 3 
2015-07-30                                 3 
2015-07-31                                 8 
2015-08-01                                 2 
2015-08-02                                 0 
2015-08-03                                 5 
2015-08-04                                 3 
2015-08-05                                 3 
2015-08-06                                 5 
2015-08-07                                 3 
2015-08-08                                 2 
2015-08-09                                 0 
2015-08-10                                 5 
2015-08-11                                 3 
2015-08-12                                 4 
2015-08-13                                 3 
2015-08-14                                 3 
2015-08-15                                 2 
2015-08-16                                 0 
2015-08-17                                 1 
2015-08-18                                 3 
2015-08-19                                 3 
2015-08-20                                 2 
2015-08-21                                 2 
2015-08-22                                 1 
2015-08-23                                 1 
2015-08-24                                 3 
2015-08-25                                 2 
2015-08-26                                 3 
2015-08-27                                 2 
2015-08-28                                 4 
2015-08-29                                 2 
2015-08-30                                 0 
2015-08-31                                 2 
2015-09-01                                 3 
2015-09-02                                 2 
2015-09-03                                 3 
2015-09-04                                 4 
2015-09-05                                 0 
2015-09-06                                 2 
2015-09-07                                 3 
2015-09-08                                 4 
2015-09-09                                 4 
2015-09-10                                 3 
2015-09-11                                 3 
2015-09-12                                 2 
2015-09-13                                 1 
2015-09-14                                 4 
2015-09-15                                 3 
2015-09-16                                 4 
2015-09-17                                 4 
2015-09-18                                 3 
2015-09-19                                 0 
2015-09-20                                 1 
2015-09-21                                 4 
2015-09-22                                 6 
2015-09-23                                 5 
2015-09-24                                 5 
2015-09-25                                 3 
2015-09-26                                 2 
2015-09-27                                 1 
2015-09-28                                 3 
2015-09-29                                 3 
2015-09-30                                 3 
2015-10-01                                 8 
2015-10-02                                 5 
2015-10-03                                 4 
2015-10-04                                 2 
2015-10-05                                 5 
2015-10-06                                 6 
2015-10-07                                 5 
2015-10-08                                 4 
2015-10-09                                 6 
2015-10-10                                 0 
2015-10-11                                 1 
2015-10-12                                 5 
2015-10-13                                 8 
2015-10-14                                 5 
2015-10-15                                 5 
2015-10-16                                 5 
2015-10-17                                 2 
2015-10-18                                 0 
2015-10-19                                 3 
2015-10-20                                 4 
2015-10-21                                 4 
2015-10-22                                 4 
2015-10-23                                 5 
2015-10-24                                 3 
2015-10-25                                 0 
2015-10-26                                 2 
2015-10-27                                 4 
2015-10-28                                 4 
2015-10-29                                 4 
2015-10-30                                 3 
2015-10-31                                 3 
2015-11-01                                 0 
2015-11-02                                 2 
2015-11-03                                 3 
2015-11-04                                 6 
2015-11-05                                 4 
2015-11-06                                 6 
2015-11-07                                 3 
2015-11-08                                 1 
2015-11-09                                 3 
2015-11-10                                 7 
2015-11-11                                 3 
2015-11-12                                 3 
2015-11-13                                 7 
2015-11-14                                 1 
2015-11-15                                 1 
2015-11-16                                 4 
2015-11-17                                 4 
2015-11-18                                 5 
2015-11-19                                 3 
2015-11-20                                 3 
2015-11-21                                 2 
2015-11-22                                 2 
2015-11-23                                 4 
2015-11-24                                 2 
2015-11-25                                 3 
2015-11-26                                 5 
2015-11-27                                 8 
2015-11-28                                 6 
2015-11-29                                 0 
2015-11-30                                 4 
2015-12-01                                 4 
2015-12-02                                 5 
2015-12-03                                 7 
2015-12-04                                 6 
2015-12-05                                 2 
2015-12-06                                 0 
2015-12-07                                 1 
2015-12-08                                 1 
2015-12-09                                 2 
2015-12-10                                 8 
2015-12-11                                 3 
2015-12-12                                 2 
2015-12-13                                 1 
2015-12-14                                 3 
2015-12-15                                 4 
2015-12-16                                 2 
2015-12-17                                 3 
2015-12-18                                 2 
2015-12-19                                 2 
2015-12-20                                 0 
2015-12-21                                 1 
2015-12-22                                 6 
2015-12-23                                 7 
2015-12-24                                 7 
2015-12-25                                 1 
2015-12-26                                 0 
2015-12-27                                 0 
2015-12-28                                 6 
2015-12-29                                 4 
2015-12-30                                 2 
2015-12-31                                 2 
2016-01-01                                 0 
2016-01-02                                 1 
2016-01-03                                 0 
2016-01-04                                 4 
2016-01-05                                 6 
2016-01-06                                 0 
2016-01-07                                 2 
2016-01-08                                 6 
2016-01-09                                 2 
2016-01-10                                 1 
2016-01-11                                 2 
2016-01-12                                 5 
2016-01-13                                 4 
2016-01-14                                 3 
2016-01-15                                 5 
2016-01-16                                 2 
2016-01-17                                 1 
2016-01-18                                 5 
2016-01-19                                 4 
2016-01-20                                 4 
2016-01-21                                 4 
2016-01-22                                 3 
2016-01-23                                 2 
2016-01-24                                 1 
2016-01-25                                 3 
2016-01-26                                 4 
2016-01-27                                 5 
2016-01-28                                 6 
2016-01-29                                 5 
2016-01-30                                 3 
2016-01-31                                 1 
2016-02-01                                 3 
2016-02-02                                 3 
2016-02-03                                 3 
2016-02-04                                 5 
2016-02-05                                 3 
2016-02-06                                 5 
2016-02-07                                 1 
2016-02-08                                 2 
2016-02-09                                 4 
2016-02-10                                 4 
2016-02-11                                 6 
2016-02-12                                 8 
2016-02-13                                 5 
2016-02-14                                 1 
2016-02-15                                 3 
2016-02-16                                 5 
2016-02-17                                 4 
2016-02-18                                 8 
2016-02-19                                 5 
2016-02-20                                 3 
2016-02-21                                 1 
2016-02-22                                 4 
2016-02-23                                 6 
2016-02-24                                 4 
2016-02-25                                 5 
2016-02-26                                 3 
2016-02-27                                 2 
2016-02-28                                 1 
2016-02-29                                 3 
2016-03-01                                 4 
2016-03-02                                 7 
2016-03-03                                 7 
2016-03-04                                10 
2016-03-05                                 5 
2016-03-06                                 2 
2016-03-07                                 3 
2016-03-08                                 6 
2016-03-09                                 6 
2016-03-10                                 3 
2016-03-11                                 6 
2016-03-12                                 2 
2016-03-13                                 2 
2016-03-14                                 2 
2016-03-15                                 6 
2016-03-16                                 5 
2016-03-17                                 5 
2016-03-18                                 4 
2016-03-19                                 2 
2016-03-20                                 0 
2016-03-21                                 2 
2016-03-22                                 1 
2016-03-23                                 5 
2016-03-24                                 5 
2016-03-25                                 8 
2016-03-26                                 3 
2016-03-27                                 1 
2016-03-28                                 0 
2016-03-29                                 4 
2016-03-30                                 5 
2016-03-31                                 3 
2016-04-01                                 4 
2016-04-02                                 3 
2016-04-03                                 1 
2016-04-04                                 3 
2016-04-05                                 5 
2016-04-06                                 4 
2016-04-07                                 3 
2016-04-08                                 5 
2016-04-09                                 2 
2016-04-10                                 1 
2016-04-11                                 3 
2016-04-12                                 3 
2016-04-13                                 2 
2016-04-14                                 3 
2016-04-15                                 5 
2016-04-16                                 3 
2016-04-17                                 1 
2016-04-18                                 3 
2016-04-19                                 3 
2016-04-20                                 2 
2016-04-21                                 9 
2016-04-22                                 7 
2016-04-23                                 2 
2016-04-24                                 0 
2016-04-25                                 0 
2016-04-26                                 4 
2016-04-27                                 3 
2016-04-28                                 4 
2016-04-29                                10 
2016-04-30                                 2 
2016-05-01                                 1 
2016-05-02                                 6 
2016-05-03                                 3 
2016-05-04                                 4 
2016-05-05                                 7 
2016-05-06                                 4 
2016-05-07                                 2 
2016-05-08                                 0 
2016-05-09                                 3 
2016-05-10                                 5 
2016-05-11                                 7 
2016-05-12                                 4 
2016-05-13                                 3 
2016-05-14                                 2 
2016-05-15                                 1 
2016-05-16                                 4 
2016-05-17                                 5 
2016-05-18                                 4 
2016-05-19                                 3 
2016-05-20*                            4.9578 
2016-05-21*                            3.3186 
2016-05-22*                            0.6234 
2016-05-23*                            2.4576 
2016-05-24*                            4.0953 
2016-05-25*                            3.9782 
2016-05-26*                            5.0825 
2016-05-27*                             5.334 
2016-05-28*                            2.3032 
2016-05-29*                            0.7745 

=== Evaluation on training data ===
Target                             1-step-ahead  2-steps-ahead  3-steps-ahead  4-steps-ahead  5-steps-ahead  6-steps-ahead  7-steps-ahead  8-steps-ahead  9-steps-ahead 10-steps-ahead
======================================================================================================================================================================================
Sottoarea_145.Prodotto_2.Vendite
  N                                         505            504            503            502            501            500            499            498            497            496
  Mean absolute error                    0.5514         0.5487         0.5476         0.5483         0.5492         0.5501         0.5493         0.5491         0.5474         0.5478
  Mean absolute percentage error        17.2206        16.8538        16.8552        16.8737        16.8851        16.9156        16.9156        16.9282        16.9274        16.9388
  Root mean squared error                0.8288         0.8252         0.8245         0.8253         0.8261         0.8269         0.8267          0.827         0.8255         0.8262
  Mean squared error                     0.6869          0.681         0.6798         0.6811         0.6825         0.6838         0.6834         0.6839         0.6815         0.6826

Total number of instances: 870

