=== Run information ===

Scheme:
	RandomForest -P 100 -I 300 -num-slots 1 -K 0 -M 1.0 -V 0.001 -S 1

Lagged and derived variable options:
	-F [Sottoarea_13.Prodotto_2.Vendite] -L 1 -M 365 -R 30,60,90,365 -G Sottoarea_13.Prodotto_2.Data -dayofweek -weekend

Relation:     Prodotto2_Sottoarea_13-weka.filters.unsupervised.attribute.Remove-R1-6
Instances:    870
Attributes:   4
              Sottoarea_13.Prodotto_2.Data
              Sottoarea_13.Prodotto_2.Day
              Sottoarea_13.Prodotto_2.Season
              Sottoarea_13.Prodotto_2.Vendite

Transformed training data:

              Sottoarea_13.Prodotto_2.Vendite
              DayOfWeek
              Weekend
              Sottoarea_13.Prodotto_2.Data-remapped
              Lag_Sottoarea_13.Prodotto_2.Vendite-30
              Lag_Sottoarea_13.Prodotto_2.Vendite-60
              Lag_Sottoarea_13.Prodotto_2.Vendite-90
              Lag_Sottoarea_13.Prodotto_2.Vendite-365
              Sottoarea_13.Prodotto_2.Data-remapped^2
              Sottoarea_13.Prodotto_2.Data-remapped^3
              Sottoarea_13.Prodotto_2.Data-remapped*Lag_Sottoarea_13.Prodotto_2.Vendite-30
              Sottoarea_13.Prodotto_2.Data-remapped*Lag_Sottoarea_13.Prodotto_2.Vendite-60
              Sottoarea_13.Prodotto_2.Data-remapped*Lag_Sottoarea_13.Prodotto_2.Vendite-90
              Sottoarea_13.Prodotto_2.Data-remapped*Lag_Sottoarea_13.Prodotto_2.Vendite-365

Sottoarea_13.Prodotto_2.Vendite:
RandomForest

Bagging with 300 iterations and base learner

weka.classifiers.trees.RandomTree -K 0 -M 1.0 -V 0.001 -S 1 -do-not-check-capabilities

=== Predictions for training data: Sottoarea_13.Prodotto_2.Vendite (10-steps ahead) ===

      inst#       actual    predicted        error
        375            8       5.5551      -2.4449
        376            2       2.1459       0.1459
        377            2       2.8399       0.8399
        378            3       4.2645       1.2645
        379            7       5.8401      -1.1599
        380            6       5.7034      -0.2966
        381            5        5.325        0.325
        382            1         2.69         1.69
        383            1       1.4913       0.4913
        384            5       4.3955      -0.6045
        385            6       5.7233      -0.2767
        386            6       5.9451      -0.0549
        387            6       5.6737      -0.3263
        388           10       7.5185      -2.4815
        389            3       2.9693      -0.0307
        390            3       2.7249      -0.2751
        391            4       4.1167       0.1167
        392            4       4.6776       0.6776
        393            5       5.0343       0.0343
        394            6       5.7926      -0.2074
        395            5       5.3483       0.3483
        396            2       2.7361       0.7361
        397            2       2.3841       0.3841
        398            5       4.6305      -0.3695
        399            3       3.8234       0.8234
        400            6       5.6774      -0.3226
        401            7        7.088        0.088
        402            5       5.1301       0.1301
        403            6       5.7701      -0.2299
        404            6       4.2738      -1.7262
        405            4       4.0098       0.0098
        406            5       5.4976       0.4976
        407            9       7.4166      -1.5834
        408            5       5.6438       0.6438
        409            9       7.9972      -1.0028
        410            9       7.1032      -1.8968
        411            1       1.8633       0.8633
        412            3       3.3863       0.3863
        413            6       5.9908      -0.0092
        414            6       5.5223      -0.4777
        415            8       7.3472      -0.6528
        416            7       6.8177      -0.1823
        417            4         4.54         0.54
        418            4       3.5904      -0.4096
        419            3       3.4229       0.4229
        420            7       6.6274      -0.3726
        421            3       3.6919       0.6919
        422            7       6.7809      -0.2191
        423            5       5.4505       0.4505
        424            6       5.5732      -0.4268
        425            1       1.7065       0.7065
        426            5       4.2523      -0.7477
        427            6       5.8145      -0.1855
        428            3       3.8167       0.8167
        429            7       7.1385       0.1385
        430            3       4.3019       1.3019
        431            5       4.9298      -0.0702
        432            3       2.6111      -0.3889
        433            3       3.5313       0.5313
        434            8       7.5754      -0.4246
        435            7       6.1323      -0.8677
        436           11       9.4654      -1.5346
        437            7       6.2567      -0.7433
        438            6       5.3803      -0.6197
        439            1       1.6971       0.6971
        440            4       4.0573       0.0573
        441            5       5.5437       0.5437
        442            6        5.695       -0.305
        443           10       7.5485      -2.4515
        444            7       6.1686      -0.8314
        445            5       4.4209      -0.5791
        446            2       2.3551       0.3551
        447            4       3.9105      -0.0895
        448            7       5.9586      -1.0414
        449            6       5.4607      -0.5393
        450           10       8.5265      -1.4735
        451            8       7.3002      -0.6998
        452            5       5.1216       0.1216
        453            3        2.742       -0.258
        454            4       4.0991       0.0991
        455            5       5.2307       0.2307
        456            2       3.5935       1.5935
        457            6       6.7515       0.7515
        458            8        7.423       -0.577
        459            6       4.9689      -1.0311
        460            2       2.5814       0.5814
        461            1       2.4984       1.4984
        462            5       5.6792       0.6792
        463            8       6.6099      -1.3901
        464            6       6.1794       0.1794
        465           11        8.862       -2.138
        466            0       1.3043       1.3043
        467            5       3.9319      -1.0681
        468            6       5.4197      -0.5803
        469            9        7.812       -1.188
        470            5       4.9333      -0.0667
        471            8       7.4595      -0.5405
        472            5       5.3642       0.3642
        473            5       4.5691      -0.4309
        474            3       3.1946       0.1946
        475            3        3.493        0.493
        476            3       3.8046       0.8046
        477            4       4.2531       0.2531
        478            7       6.7202      -0.2798
        479            6       5.8768      -0.1232
        480            5       4.0133      -0.9867
        481            2       3.1072       1.1072
        482            5       4.7759      -0.2241
        483            7        6.677       -0.323
        484            2       2.9124       0.9124
        485            8       7.7113      -0.2887
        486            5       5.3433       0.3433
        487            2       2.8194       0.8194
        488            8        6.003       -1.997
        489            8       6.5054      -1.4946
        490            6       5.9905      -0.0095
        491            6       5.0954      -0.9046
        492            9       8.3349      -0.6651
        493            6       6.2211       0.2211
        494            5       4.1766      -0.8234
        495            2       2.7862       0.7862
        496            2       2.9462       0.9462
        497            6       7.0508       1.0508
        498            2       2.8054       0.8054
        499            3        4.298        1.298
        500            5       5.8158       0.8158
        501            3       3.1529       0.1529
        502            6       4.3687      -1.6313
        503            7       5.5153      -1.4847
        504            7       6.6428      -0.3572
        505            4       3.9663      -0.0337
        506            8       7.3026      -0.6974
        507            7       6.6738      -0.3262
        508            4       3.8756      -0.1244
        509            1        1.986        0.986
        510            3       3.8908       0.8908
        511            7       6.3303      -0.6697
        512            4       3.9618      -0.0382
        513            3       4.4034       1.4034
        514            7       6.3009      -0.6991
        515            3       3.0793       0.0793
        516            1       1.6335       0.6335
        517            2       2.7233       0.7233
        518            2       3.4417       1.4417
        519            2       2.8644       0.8644
        520            7       6.2618      -0.7382
        521            5        4.902       -0.098
        522            2       2.1035       0.1035
        523            2       2.0589       0.0589
        524            4       3.8503      -0.1497
        525            8       7.6504      -0.3496
        526            9       7.0719      -1.9281
        527            7       6.4223      -0.5777
        528            3       3.9552       0.9552
        529            6       5.0658      -0.9342
        530            1       1.2732       0.2732
        531            5         4.34        -0.66
        532           10       8.7282      -1.2718
        533            5       4.7151      -0.2849
        534            5       5.4958       0.4958
        535            6        5.923       -0.077
        536            0       1.4867       1.4867
        537            4        3.045       -0.955
        538            4       3.8466      -0.1534
        539            4       5.2883       1.2883
        540            2       3.0406       1.0406
        541            6       5.6939      -0.3061
        542            8       7.1451      -0.8549
        543            4       3.7852      -0.2148
        544            1        1.266        0.266
        545            3       3.1695       0.1695
        546            5       5.3774       0.3774
        547            4       4.1907       0.1907
        548            6       6.1655       0.1655
        549            6       5.4165      -0.5835
        550            7        5.362       -1.638
        551            0       0.7357       0.7357
        552            2       2.5258       0.5258
        553           14      11.3843      -2.6157
        554            6       5.3106      -0.6894
        555            7       6.5735      -0.4265
        556            5       5.4381       0.4381
        557            5       4.4213      -0.5787
        558            1       1.0634       0.0634
        559            4       3.8393      -0.1607
        560            6       5.7783      -0.2217
        561            6       5.2403      -0.7597
        562            5       5.4935       0.4935
        563            7        6.296       -0.704
        564            2       2.4423       0.4423
        565            0       0.6537       0.6537
        566            3       3.7996       0.7996
        567            6       5.8649      -0.1351
        568            3        3.701        0.701
        569            6       5.9499      -0.0501
        570            4       4.7046       0.7046
        571            3       2.9699      -0.0301
        572            2        1.569       -0.431
        573            2       2.6005       0.6005
        574            5        4.924       -0.076
        575            4       4.1768       0.1768
        576            4       4.5616       0.5616
        577            6       5.7476      -0.2524
        578            4       3.2034      -0.7966
        579            0       0.3937       0.3937
        580            5       4.0351      -0.9649
        581            5       5.5071       0.5071
        582            4       4.2147       0.2147
        583            7       6.5356      -0.4644
        584            5       5.2652       0.2652
        585            3       2.8831      -0.1169
        586            0       0.3663       0.3663
        587            2       2.4282       0.4282
        588            5       5.0535       0.0535
        589            4       3.5701      -0.4299
        590            4       4.6345       0.6345
        591            4       4.5291       0.5291
        592            0       0.7934       0.7934
        593            0       0.5938       0.5938
        594            4       3.6409      -0.3591
        595            4       4.0737       0.0737
        596            5       4.6548      -0.3452
        597            4        4.719        0.719
        598            3       3.9221       0.9221
        599            1       1.6347       0.6347
        600            0       0.2845       0.2845
        601            2       2.5502       0.5502
        602            4       4.6262       0.6262
        603            2       3.2121       1.2121
        604            3       3.8284       0.8284
        605            2       3.3566       1.3566
        606            2       2.1063       0.1063
        607            0       0.2667       0.2667
        608            1       2.0174       1.0174
        609            3       3.6323       0.6323
        610            1       1.8611       0.8611
        611            1       2.5271       1.5271
        612            6       5.6874      -0.3126
        613            0       0.7616       0.7616
        614            3       2.0882      -0.9118
        615            3       2.8831      -0.1169
        616            4       5.0876       1.0876
        617            5        4.727       -0.273
        618            5       5.2073       0.2073
        619            5       5.2117       0.2117
        620            3       2.7534      -0.2466
        621            0       0.6112       0.6112
        622            4       3.7881      -0.2119
        623            6       5.8834      -0.1166
        624            6       5.4352      -0.5648
        625            7       6.5894      -0.4106
        626            5       4.8315      -0.1685
        627            0       1.0748       1.0748
        628            1        1.233        0.233
        629            4       3.6757      -0.3243
        630            6       5.8052      -0.1948
        631            8       6.7181      -1.2819
        632            6       6.2408       0.2408
        633            7       6.5874      -0.4126
        634            4       3.3796      -0.6204
        635            3       2.2527      -0.7473
        636            4       3.9247      -0.0753
        637            3       3.7622       0.7622
        638            1       2.4113       1.4113
        639           12       9.3539      -2.6461
        640            5       5.0707       0.0707
        641            5       4.3615      -0.6385
        642            1       1.0137       0.0137
        643            3       3.0836       0.0836
        644            9       8.3294      -0.6706
        645            4       4.2719       0.2719
        646            6       6.2742       0.2742
        647            8       7.4077      -0.5923
        648            0       1.3904       1.3904
        649            2       1.5759      -0.4241
        650            5       4.0864      -0.9136
        651            9       7.8104      -1.1896
        652            2       3.1781       1.1781
        653            9       7.9651      -1.0349
        654            6        5.949       -0.051
        655            5        4.218       -0.782
        656            0       0.4499       0.4499
        657            2       2.8374       0.8374
        658            6       5.8814      -0.1186
        659            4       4.3083       0.3083
        660            7       6.6752      -0.3248
        661            8       7.2489      -0.7511
        662            3         2.67        -0.33
        663            1       0.9726      -0.0274
        664            3       3.1468       0.1468
        665            5       5.8037       0.8037
        666            5       5.0203       0.0203
        667            4       5.8725       1.8725
        668            7        6.477       -0.523
        669            2       2.6463       0.6463
        670            1       0.9668      -0.0332
        671            3       3.2342       0.2342
        672            2       3.2154       1.2154
        673            4       4.1462       0.1462
        674            8       7.1186      -0.8814
        675            5       5.2413       0.2413
        676            5       4.0099      -0.9901
        677            1       1.0733       0.0733
        678            6       4.9571      -1.0429
        679            7       6.3685      -0.6315
        680            6       5.5555      -0.4445
        681            5       5.2603       0.2603
        682            5       5.4494       0.4494
        683            2         2.53         0.53
        684            1       0.9899      -0.0101
        685            2       2.0888       0.0888
        686            7       6.5436      -0.4564
        687            6       5.6018      -0.3982
        688            4       4.8514       0.8514
        689            7       6.5153      -0.4847
        690            3       3.0134       0.0134
        691            1       1.0767       0.0767
        692            4       3.3865      -0.6135
        693            6       5.6501      -0.3499
        694            3       3.5465       0.5465
        695            9       8.0707      -0.9293
        696            6        6.109        0.109
        697            4       3.7415      -0.2585
        698            1       0.9382      -0.0618
        699            2       2.3568       0.3568
        700            4       4.8333       0.8333
        701            3        3.696        0.696
        702            7       6.5018      -0.4982
        703            5       5.5024       0.5024
        704            3       2.7861      -0.2139
        705            0       0.3741       0.3741
        706            1        1.665        0.665
        707            1       2.5759       1.5759
        708            2       3.1638       1.1638
        709            7       6.4947      -0.5053
        710            4       4.7479       0.7479
        711            2       2.6667       0.6667
        712            1       0.9666      -0.0334
        713            3       2.7668      -0.2332
        714            4        5.249        1.249
        715            5       4.8926      -0.1074
        716            4       4.8069       0.8069
        717            5        5.272        0.272
        718            5       4.2467      -0.7533
        719            1       1.0532       0.0532
        720            1       1.7808       0.7808
        721           10       8.9801      -1.0199
        722            3       3.6289       0.6289
        723            7       6.6751      -0.3249
        724            3       2.9893      -0.0107
        725            0       0.5754       0.5754
        726            0       0.6133       0.6133
        727            4       3.8764      -0.1236
        728            9       7.7488      -1.2512
        729            3       3.9981       0.9981
        730            3       4.5648       1.5648
        731            1       2.2534       1.2534
        732            2       2.3709       0.3709
        733            1       0.9374      -0.0626
        734            3       3.1076       0.1076
        735            6       6.2557       0.2557
        736            0        1.423        1.423
        737            4        5.172        1.172
        738            9       7.6755      -1.3245
        739            2       2.2134       0.2134
        740            1       1.1755       0.1755
        741            5       4.5215      -0.4785
        742            8       7.3675      -0.6325
        743            4       4.3138       0.3138
        744            7       6.9183      -0.0817
        745           10       8.6343      -1.3657
        746            5        4.407       -0.593
        747            1       0.9038      -0.0962
        748            7       5.3998      -1.6002
        749            9        7.885       -1.115
        750            5       4.9303      -0.0697
        751            8       7.3597      -0.6403
        752            7       6.7162      -0.2838
        753            3       3.3865       0.3865
        754            1       1.0114       0.0114
        755            3       3.3417       0.3417
        756            8       7.3926      -0.6074
        757            5       4.9689      -0.0311
        758            6       6.5856       0.5856
        759            5       5.7017       0.7017
        760            2       2.9867       0.9867
        761            1       1.2286       0.2286
        762            4       3.6986      -0.3014
        763            4       4.6949       0.6949
        764            6       5.4962      -0.5038
        765            7       6.7579      -0.2421
        766            3       5.0031       2.0031
        767            7       5.8499      -1.1501
        768            2       2.0062       0.0062
        769            5       4.5614      -0.4386
        770            6       6.1093       0.1093
        771            6       6.1467       0.1467
        772            7       6.9884      -0.0116
        773            8       7.5211      -0.4789
        774            4       4.3932       0.3932
        775            2        2.035        0.035
        776            2       2.9403       0.9403
        777            4       6.0131       2.0131
        778            7       6.6908      -0.3092
        779            9       8.1851      -0.8149
        780            6       6.6095       0.6095
        781            4       4.1564       0.1564
        782            1       1.0555       0.0555
        783            2        2.623        0.623
        784           24      17.1368      -6.8632
        785            5       5.4996       0.4996
        786           11       9.7193      -1.2807
        787            5       5.7476       0.7476
        788            6       5.2367      -0.7633
        789            0       0.7513       0.7513
        790            3       3.5286       0.5286
        791            6       7.9617       1.9617
        792            7       7.1051       0.1051
        793           18      13.7744      -4.2256
        794            8       7.3923      -0.6077
        795            6       5.1567      -0.8433
        796            1       1.2619       0.2619
        797            3       3.4385       0.4385
        798           12      10.5719      -1.4281
        799           10       8.6304      -1.3696
        800            6       6.5462       0.5462
        801           10       9.0371      -0.9629
        802            4         4.06         0.06
        803            4       3.1947      -0.8053
        804            2       2.4234       0.4234
        805            9       7.9733      -1.0267
        806            6       5.9913      -0.0087
        807            8       8.5084       0.5084
        808            6       6.7296       0.7296
        809            4         4.06         0.06
        810            0       0.5178       0.5178
        811            3       2.7056      -0.2944
        812            0       2.8274       2.8274
        813            8       7.3049      -0.6951
        814            6       6.0812       0.0812
        815           10       9.1311      -0.8689
        816            4       4.0367       0.0367
        817            1       0.9933      -0.0067
        818            0       1.2001       1.2001
        819            3        3.658        0.658
        820            7       6.4142      -0.5858
        821            3       4.7124       1.7124
        822            9       8.4096      -0.5904
        823            7       5.9099      -1.0901
        824            2       2.1556       0.1556
        825            4       3.4601      -0.5399
        826            6       6.8693       0.8693
        827            4       4.5242       0.5242
        828            4       4.7847       0.7847
        829            7       7.0328       0.0328
        830            4       4.1167       0.1167
        831            2       1.6805      -0.3195
        832            5       4.3508      -0.6492
        833            5        5.448        0.448
        834            6       6.0841       0.0841
        835            5       5.4014       0.4014
        836            6       6.3393       0.3393
        837            5         4.63        -0.37
        838            1       1.0391       0.0391
        839            3       2.6733      -0.3267
        840            9       7.7158      -1.2842
        841            3       3.8457       0.8457
        842           11       9.3532      -1.6468
        843            5       5.9127       0.9127
        844            4       3.9033      -0.0967
        845            1       1.2693       0.2693
        846            1       1.8169       0.8169
        847            3       4.2785       1.2785
        848            7       6.2281      -0.7719
        849            5       5.9169       0.9169
        850            9       8.2515      -0.7485
        851            3       3.5066       0.5066
        852            1       1.1695       0.1695
        853            4       3.9288      -0.0712
        854            5       5.4962       0.4962
        855            4       4.6735       0.6735
        856            7       6.6926      -0.3074
        857            6       6.5837       0.5837
        858            4       3.6333      -0.3667
        859            1       1.1552       0.1552
        860            2       2.3952       0.3952
        861            6       6.4454       0.4454
        862            7       6.3697      -0.6303
        863            6       6.2286       0.2286
        864            8       7.5115      -0.4885
        865            3       3.1333       0.1333
        866            1       0.9898      -0.0102
        867            5       4.5454      -0.4546
        868            7       6.4557      -0.5443
        869            4       4.5774       0.5774
        870            5       5.9346       0.9346
        871            ?       6.3908            ?
        872            ?        4.335            ?
        873            ?       1.0143            ?
        874            ?       2.4185            ?
        875            ?       6.9445            ?
        876            ?       5.0672            ?
        877            ?       7.6383            ?
        878            ?       6.9069            ?
        879            ?        4.289            ?

=== Future predictions from end of training data ===
Time        Sottoarea_13.Prodotto_2.Vendite 
2014-01-01                                0 
2014-01-02                                6 
2014-01-03                                5 
2014-01-04                                2 
2014-01-05                                0 
2014-01-06                                0 
2014-01-07                                3 
2014-01-08                                6 
2014-01-09                                7 
2014-01-10                                5 
2014-01-11                                2 
2014-01-12                                0 
2014-01-13                                6 
2014-01-14                                3 
2014-01-15                                8 
2014-01-16                                7 
2014-01-17                                9 
2014-01-18                                1 
2014-01-19                                0 
2014-01-20                                8 
2014-01-21                                9 
2014-01-22                                7 
2014-01-23                                8 
2014-01-24                               12 
2014-01-25                                3 
2014-01-26                                0 
2014-01-27                                6 
2014-01-28                                8 
2014-01-29                                6 
2014-01-30                                6 
2014-01-31                                8 
2014-02-01                                2 
2014-02-02                                0 
2014-02-03                                5 
2014-02-04                                8 
2014-02-05                               10 
2014-02-06                                7 
2014-02-07                               12 
2014-02-08                                2 
2014-02-09                                0 
2014-02-10                                9 
2014-02-11                               15 
2014-02-12                                7 
2014-02-13                               14 
2014-02-14                               10 
2014-02-15                                3 
2014-02-16                                0 
2014-02-17                                5 
2014-02-18                               13 
2014-02-19                               12 
2014-02-20                               12 
2014-02-21                                9 
2014-02-22                                0 
2014-02-23                                4 
2014-02-24                                3 
2014-02-25                                7 
2014-02-26                                2 
2014-02-27                                5 
2014-02-28                               10 
2014-03-01                                2 
2014-03-02                                0 
2014-03-03                                8 
2014-03-04                               12 
2014-03-05                               10 
2014-03-06                                7 
2014-03-07                                3 
2014-03-08                                6 
2014-03-09                                0 
2014-03-10                                4 
2014-03-11                                7 
2014-03-12                                6 
2014-03-13                                6 
2014-03-14                                6 
2014-03-15                                3 
2014-03-16                                0 
2014-03-17                                2 
2014-03-18                                5 
2014-03-19                                0 
2014-03-20                                0 
2014-03-21                                0 
2014-03-22                                0 
2014-03-23                                0 
2014-03-24                                0 
2014-03-25                                0 
2014-03-26                               10 
2014-03-27                                3 
2014-03-28                                9 
2014-03-29                                0 
2014-03-30                                1 
2014-03-31                                5 
2014-04-01                                3 
2014-04-02                                9 
2014-04-03                                3 
2014-04-04                                3 
2014-04-05                                0 
2014-04-06                                0 
2014-04-07                                3 
2014-04-08                                2 
2014-04-09                               17 
2014-04-10                                5 
2014-04-11                                3 
2014-04-12                                0 
2014-04-13                                7 
2014-04-14                                3 
2014-04-15                                5 
2014-04-16                                8 
2014-04-17                                4 
2014-04-18                               15 
2014-04-19                                0 
2014-04-20                                0 
2014-04-21                                0 
2014-04-22                                4 
2014-04-23                                4 
2014-04-24                                3 
2014-04-25                                0 
2014-04-26                                0 
2014-04-27                                0 
2014-04-28                                2 
2014-04-29                                3 
2014-04-30                                4 
2014-05-01                                8 
2014-05-02                                3 
2014-05-03                                0 
2014-05-04                                0 
2014-05-05                                4 
2014-05-06                                3 
2014-05-07                                4 
2014-05-08                                4 
2014-05-09                                2 
2014-05-10                                0 
2014-05-11                               12 
2014-05-12                                3 
2014-05-13                                3 
2014-05-14                                5 
2014-05-15                                4 
2014-05-16                                5 
2014-05-17                                0 
2014-05-18                                0 
2014-05-19                                2 
2014-05-20                                3 
2014-05-21                                3 
2014-05-22                                3 
2014-05-23                                4 
2014-05-24                                0 
2014-05-25                                0 
2014-05-26                                2 
2014-05-27                                3 
2014-05-28                                3 
2014-05-29                                3 
2014-05-30                                3 
2014-05-31                                0 
2014-06-01                                0 
2014-06-02                                0 
2014-06-03                                2 
2014-06-04                                2 
2014-06-05                                1 
2014-06-06                                2 
2014-06-07                                0 
2014-06-08                                0 
2014-06-09                                5 
2014-06-10                                2 
2014-06-11                                3 
2014-06-12                                7 
2014-06-13                                6 
2014-06-14                                3 
2014-06-15                                3 
2014-06-16                                6 
2014-06-17                                4 
2014-06-18                                5 
2014-06-19                                5 
2014-06-20                                5 
2014-06-21                                1 
2014-06-22                                4 
2014-06-23                                3 
2014-06-24                                3 
2014-06-25                                2 
2014-06-26                                3 
2014-06-27                                4 
2014-06-28                                2 
2014-06-29                                2 
2014-06-30                               43 
2014-07-01                                3 
2014-07-02                                3 
2014-07-03                                8 
2014-07-04                                5 
2014-07-05                                1 
2014-07-06                                0 
2014-07-07                                3 
2014-07-08                                5 
2014-07-09                                4 
2014-07-10                                3 
2014-07-11                                5 
2014-07-12                                2 
2014-07-13                                0 
2014-07-14                                3 
2014-07-15                                8 
2014-07-16                                5 
2014-07-17                                5 
2014-07-18                                4 
2014-07-19                                0 
2014-07-20                                2 
2014-07-21                                3 
2014-07-22                                5 
2014-07-23                                4 
2014-07-24                                6 
2014-07-25                                7 
2014-07-26                                2 
2014-07-27                                0 
2014-07-28                                2 
2014-07-29                                5 
2014-07-30                                5 
2014-07-31                                7 
2014-08-01                                5 
2014-08-02                                2 
2014-08-03                                0 
2014-08-04                                3 
2014-08-05                                5 
2014-08-06                                5 
2014-08-07                                5 
2014-08-08                                6 
2014-08-09                                2 
2014-08-10                                0 
2014-08-11                                2 
2014-08-12                                2 
2014-08-13                                3 
2014-08-14                                5 
2014-08-15                                0 
2014-08-16                                0 
2014-08-17                                0 
2014-08-18                                2 
2014-08-19                                6 
2014-08-20                                8 
2014-08-21                                2 
2014-08-22                                5 
2014-08-23                                4 
2014-08-24                                0 
2014-08-25                                3 
2014-08-26                                4 
2014-08-27                                5 
2014-08-28                                3 
2014-08-29                                5 
2014-08-30                                3 
2014-08-31                                0 
2014-09-01                                2 
2014-09-02                                2 
2014-09-03                                2 
2014-09-04                                3 
2014-09-05                                2 
2014-09-06                                1 
2014-09-07                                0 
2014-09-08                                2 
2014-09-09                                4 
2014-09-10                                3 
2014-09-11                                4 
2014-09-12                                3 
2014-09-13                                1 
2014-09-14                                0 
2014-09-15                                5 
2014-09-16                                4 
2014-09-17                                6 
2014-09-18                                2 
2014-09-19                                6 
2014-09-20                                1 
2014-09-21                                0 
2014-09-22                                3 
2014-09-23                                5 
2014-09-24                                5 
2014-09-25                                5 
2014-09-26                                6 
2014-09-27                                1 
2014-09-28                                0 
2014-09-29                                4 
2014-09-30                                3 
2014-10-01                                3 
2014-10-02                                7 
2014-10-03                                6 
2014-10-04                                1 
2014-10-05                                0 
2014-10-06                                3 
2014-10-07                                5 
2014-10-08                                6 
2014-10-09                                8 
2014-10-10                                6 
2014-10-11                                1 
2014-10-12                                0 
2014-10-13                                4 
2014-10-14                                8 
2014-10-15                                4 
2014-10-16                                6 
2014-10-17                                9 
2014-10-18                                1 
2014-10-19                                0 
2014-10-20                                5 
2014-10-21                                6 
2014-10-22                                6 
2014-10-23                                3 
2014-10-24                                6 
2014-10-25                                2 
2014-10-26                                1 
2014-10-27                                3 
2014-10-28                                4 
2014-10-29                                3 
2014-10-30                                9 
2014-10-31                                6 
2014-11-01                                1 
2014-11-02                                0 
2014-11-03                                4 
2014-11-04                                5 
2014-11-05                                4 
2014-11-06                                5 
2014-11-07                                2 
2014-11-08                                1 
2014-11-09                                0 
2014-11-10                                4 
2014-11-11                                5 
2014-11-12                                9 
2014-11-13                                5 
2014-11-14                                7 
2014-11-15                                2 
2014-11-16                                0 
2014-11-17                                4 
2014-11-18                                6 
2014-11-19                                7 
2014-11-20                                7 
2014-11-21                                5 
2014-11-22                                1 
2014-11-23                                0 
2014-11-24                                3 
2014-11-25                                6 
2014-11-26                                3 
2014-11-27                                7 
2014-11-28                                5 
2014-11-29                                4 
2014-11-30                                0 
2014-12-01                                4 
2014-12-02                                8 
2014-12-03                                5 
2014-12-04                                9 
2014-12-05                                7 
2014-12-06                                2 
2014-12-07                                0 
2014-12-08                                0 
2014-12-09                                4 
2014-12-10                                7 
2014-12-11                                6 
2014-12-12                                5 
2014-12-13                                1 
2014-12-14                                0 
2014-12-15                                6 
2014-12-16                                5 
2014-12-17                                9 
2014-12-18                                6 
2014-12-19                                6 
2014-12-20                                1 
2014-12-21                                0 
2014-12-22                                5 
2014-12-23                               11 
2014-12-24                                3 
2014-12-25                                0 
2014-12-26                                0 
2014-12-27                                0 
2014-12-28                                1 
2014-12-29                                6 
2014-12-30                                9 
2014-12-31                                4 
2015-01-01                                1 
2015-01-02                                4 
2015-01-03                                3 
2015-01-04                                2 
2015-01-05                                3 
2015-01-06                                0 
2015-01-07                                5 
2015-01-08                                4 
2015-01-09                                5 
2015-01-10                                8 
2015-01-11                                2 
2015-01-12                                2 
2015-01-13                                3 
2015-01-14                                7 
2015-01-15                                6 
2015-01-16                                5 
2015-01-17                                1 
2015-01-18                                1 
2015-01-19                                5 
2015-01-20                                6 
2015-01-21                                6 
2015-01-22                                6 
2015-01-23                               10 
2015-01-24                                3 
2015-01-25                                3 
2015-01-26                                4 
2015-01-27                                4 
2015-01-28                                5 
2015-01-29                                6 
2015-01-30                                5 
2015-01-31                                2 
2015-02-01                                2 
2015-02-02                                5 
2015-02-03                                3 
2015-02-04                                6 
2015-02-05                                7 
2015-02-06                                5 
2015-02-07                                6 
2015-02-08                                6 
2015-02-09                                4 
2015-02-10                                5 
2015-02-11                                9 
2015-02-12                                5 
2015-02-13                                9 
2015-02-14                                9 
2015-02-15                                1 
2015-02-16                                3 
2015-02-17                                6 
2015-02-18                                6 
2015-02-19                                8 
2015-02-20                                7 
2015-02-21                                4 
2015-02-22                                4 
2015-02-23                                3 
2015-02-24                                7 
2015-02-25                                3 
2015-02-26                                7 
2015-02-27                                5 
2015-02-28                                6 
2015-03-01                                1 
2015-03-02                                5 
2015-03-03                                6 
2015-03-04                                3 
2015-03-05                                7 
2015-03-06                                3 
2015-03-07                                5 
2015-03-08                                3 
2015-03-09                                3 
2015-03-10                                8 
2015-03-11                                7 
2015-03-12                               11 
2015-03-13                                7 
2015-03-14                                6 
2015-03-15                                1 
2015-03-16                                4 
2015-03-17                                5 
2015-03-18                                6 
2015-03-19                               10 
2015-03-20                                7 
2015-03-21                                5 
2015-03-22                                2 
2015-03-23                                4 
2015-03-24                                7 
2015-03-25                                6 
2015-03-26                               10 
2015-03-27                                8 
2015-03-28                                5 
2015-03-29                                3 
2015-03-30                                4 
2015-03-31                                5 
2015-04-01                                2 
2015-04-02                                6 
2015-04-03                                8 
2015-04-04                                6 
2015-04-05                                2 
2015-04-06                                1 
2015-04-07                                5 
2015-04-08                                8 
2015-04-09                                6 
2015-04-10                               11 
2015-04-11                                0 
2015-04-12                                5 
2015-04-13                                6 
2015-04-14                                9 
2015-04-15                                5 
2015-04-16                                8 
2015-04-17                                5 
2015-04-18                                5 
2015-04-19                                3 
2015-04-20                                3 
2015-04-21                                3 
2015-04-22                                4 
2015-04-23                                7 
2015-04-24                                6 
2015-04-25                                5 
2015-04-26                                2 
2015-04-27                                5 
2015-04-28                                7 
2015-04-29                                2 
2015-04-30                                8 
2015-05-01                                5 
2015-05-02                                2 
2015-05-03                                8 
2015-05-04                                8 
2015-05-05                                6 
2015-05-06                                6 
2015-05-07                                9 
2015-05-08                                6 
2015-05-09                                5 
2015-05-10                                2 
2015-05-11                                2 
2015-05-12                                6 
2015-05-13                                2 
2015-05-14                                3 
2015-05-15                                5 
2015-05-16                                3 
2015-05-17                                6 
2015-05-18                                7 
2015-05-19                                7 
2015-05-20                                4 
2015-05-21                                8 
2015-05-22                                7 
2015-05-23                                4 
2015-05-24                                1 
2015-05-25                                3 
2015-05-26                                7 
2015-05-27                                4 
2015-05-28                                3 
2015-05-29                                7 
2015-05-30                                3 
2015-05-31                                1 
2015-06-01                                2 
2015-06-02                                2 
2015-06-03                                2 
2015-06-04                                7 
2015-06-05                                5 
2015-06-06                                2 
2015-06-07                                2 
2015-06-08                                4 
2015-06-09                                8 
2015-06-10                                9 
2015-06-11                                7 
2015-06-12                                3 
2015-06-13                                6 
2015-06-14                                1 
2015-06-15                                5 
2015-06-16                               10 
2015-06-17                                5 
2015-06-18                                5 
2015-06-19                                6 
2015-06-20                                0 
2015-06-21                                4 
2015-06-22                                4 
2015-06-23                                4 
2015-06-24                                2 
2015-06-25                                6 
2015-06-26                                8 
2015-06-27                                4 
2015-06-28                                1 
2015-06-29                                3 
2015-06-30                                5 
2015-07-01                                4 
2015-07-02                                6 
2015-07-03                                6 
2015-07-04                                7 
2015-07-05                                0 
2015-07-06                                2 
2015-07-07                               14 
2015-07-08                                6 
2015-07-09                                7 
2015-07-10                                5 
2015-07-11                                5 
2015-07-12                                1 
2015-07-13                                4 
2015-07-14                                6 
2015-07-15                                6 
2015-07-16                                5 
2015-07-17                                7 
2015-07-18                                2 
2015-07-19                                0 
2015-07-20                                3 
2015-07-21                                6 
2015-07-22                                3 
2015-07-23                                6 
2015-07-24                                4 
2015-07-25                                3 
2015-07-26                                2 
2015-07-27                                2 
2015-07-28                                5 
2015-07-29                                4 
2015-07-30                                4 
2015-07-31                                6 
2015-08-01                                4 
2015-08-02                                0 
2015-08-03                                5 
2015-08-04                                5 
2015-08-05                                4 
2015-08-06                                7 
2015-08-07                                5 
2015-08-08                                3 
2015-08-09                                0 
2015-08-10                                2 
2015-08-11                                5 
2015-08-12                                4 
2015-08-13                                4 
2015-08-14                                4 
2015-08-15                                0 
2015-08-16                                0 
2015-08-17                                4 
2015-08-18                                4 
2015-08-19                                5 
2015-08-20                                4 
2015-08-21                                3 
2015-08-22                                1 
2015-08-23                                0 
2015-08-24                                2 
2015-08-25                                4 
2015-08-26                                2 
2015-08-27                                3 
2015-08-28                                2 
2015-08-29                                2 
2015-08-30                                0 
2015-08-31                                1 
2015-09-01                                3 
2015-09-02                                1 
2015-09-03                                1 
2015-09-04                                6 
2015-09-05                                0 
2015-09-06                                3 
2015-09-07                                3 
2015-09-08                                4 
2015-09-09                                5 
2015-09-10                                5 
2015-09-11                                5 
2015-09-12                                3 
2015-09-13                                0 
2015-09-14                                4 
2015-09-15                                6 
2015-09-16                                6 
2015-09-17                                7 
2015-09-18                                5 
2015-09-19                                0 
2015-09-20                                1 
2015-09-21                                4 
2015-09-22                                6 
2015-09-23                                8 
2015-09-24                                6 
2015-09-25                                7 
2015-09-26                                4 
2015-09-27                                3 
2015-09-28                                4 
2015-09-29                                3 
2015-09-30                                1 
2015-10-01                               12 
2015-10-02                                5 
2015-10-03                                5 
2015-10-04                                1 
2015-10-05                                3 
2015-10-06                                9 
2015-10-07                                4 
2015-10-08                                6 
2015-10-09                                8 
2015-10-10                                0 
2015-10-11                                2 
2015-10-12                                5 
2015-10-13                                9 
2015-10-14                                2 
2015-10-15                                9 
2015-10-16                                6 
2015-10-17                                5 
2015-10-18                                0 
2015-10-19                                2 
2015-10-20                                6 
2015-10-21                                4 
2015-10-22                                7 
2015-10-23                                8 
2015-10-24                                3 
2015-10-25                                1 
2015-10-26                                3 
2015-10-27                                5 
2015-10-28                                5 
2015-10-29                                4 
2015-10-30                                7 
2015-10-31                                2 
2015-11-01                                1 
2015-11-02                                3 
2015-11-03                                2 
2015-11-04                                4 
2015-11-05                                8 
2015-11-06                                5 
2015-11-07                                5 
2015-11-08                                1 
2015-11-09                                6 
2015-11-10                                7 
2015-11-11                                6 
2015-11-12                                5 
2015-11-13                                5 
2015-11-14                                2 
2015-11-15                                1 
2015-11-16                                2 
2015-11-17                                7 
2015-11-18                                6 
2015-11-19                                4 
2015-11-20                                7 
2015-11-21                                3 
2015-11-22                                1 
2015-11-23                                4 
2015-11-24                                6 
2015-11-25                                3 
2015-11-26                                9 
2015-11-27                                6 
2015-11-28                                4 
2015-11-29                                1 
2015-11-30                                2 
2015-12-01                                4 
2015-12-02                                3 
2015-12-03                                7 
2015-12-04                                5 
2015-12-05                                3 
2015-12-06                                0 
2015-12-07                                1 
2015-12-08                                1 
2015-12-09                                2 
2015-12-10                                7 
2015-12-11                                4 
2015-12-12                                2 
2015-12-13                                1 
2015-12-14                                3 
2015-12-15                                4 
2015-12-16                                5 
2015-12-17                                4 
2015-12-18                                5 
2015-12-19                                5 
2015-12-20                                1 
2015-12-21                                1 
2015-12-22                               10 
2015-12-23                                3 
2015-12-24                                7 
2015-12-25                                3 
2015-12-26                                0 
2015-12-27                                0 
2015-12-28                                4 
2015-12-29                                9 
2015-12-30                                3 
2015-12-31                                3 
2016-01-01                                1 
2016-01-02                                2 
2016-01-03                                1 
2016-01-04                                3 
2016-01-05                                6 
2016-01-06                                0 
2016-01-07                                4 
2016-01-08                                9 
2016-01-09                                2 
2016-01-10                                1 
2016-01-11                                5 
2016-01-12                                8 
2016-01-13                                4 
2016-01-14                                7 
2016-01-15                               10 
2016-01-16                                5 
2016-01-17                                1 
2016-01-18                                7 
2016-01-19                                9 
2016-01-20                                5 
2016-01-21                                8 
2016-01-22                                7 
2016-01-23                                3 
2016-01-24                                1 
2016-01-25                                3 
2016-01-26                                8 
2016-01-27                                5 
2016-01-28                                6 
2016-01-29                                5 
2016-01-30                                2 
2016-01-31                                1 
2016-02-01                                4 
2016-02-02                                4 
2016-02-03                                6 
2016-02-04                                7 
2016-02-05                                3 
2016-02-06                                7 
2016-02-07                                2 
2016-02-08                                5 
2016-02-09                                6 
2016-02-10                                6 
2016-02-11                                7 
2016-02-12                                8 
2016-02-13                                4 
2016-02-14                                2 
2016-02-15                                2 
2016-02-16                                4 
2016-02-17                                7 
2016-02-18                                9 
2016-02-19                                6 
2016-02-20                                4 
2016-02-21                                1 
2016-02-22                                2 
2016-02-23                               24 
2016-02-24                                5 
2016-02-25                               11 
2016-02-26                                5 
2016-02-27                                6 
2016-02-28                                0 
2016-02-29                                3 
2016-03-01                                6 
2016-03-02                                7 
2016-03-03                               18 
2016-03-04                                8 
2016-03-05                                6 
2016-03-06                                1 
2016-03-07                                3 
2016-03-08                               12 
2016-03-09                               10 
2016-03-10                                6 
2016-03-11                               10 
2016-03-12                                4 
2016-03-13                                4 
2016-03-14                                2 
2016-03-15                                9 
2016-03-16                                6 
2016-03-17                                8 
2016-03-18                                6 
2016-03-19                                4 
2016-03-20                                0 
2016-03-21                                3 
2016-03-22                                0 
2016-03-23                                8 
2016-03-24                                6 
2016-03-25                               10 
2016-03-26                                4 
2016-03-27                                1 
2016-03-28                                0 
2016-03-29                                3 
2016-03-30                                7 
2016-03-31                                3 
2016-04-01                                9 
2016-04-02                                7 
2016-04-03                                2 
2016-04-04                                4 
2016-04-05                                6 
2016-04-06                                4 
2016-04-07                                4 
2016-04-08                                7 
2016-04-09                                4 
2016-04-10                                2 
2016-04-11                                5 
2016-04-12                                5 
2016-04-13                                6 
2016-04-14                                5 
2016-04-15                                6 
2016-04-16                                5 
2016-04-17                                1 
2016-04-18                                3 
2016-04-19                                9 
2016-04-20                                3 
2016-04-21                               11 
2016-04-22                                5 
2016-04-23                                4 
2016-04-24                                1 
2016-04-25                                1 
2016-04-26                                3 
2016-04-27                                7 
2016-04-28                                5 
2016-04-29                                9 
2016-04-30                                3 
2016-05-01                                1 
2016-05-02                                4 
2016-05-03                                5 
2016-05-04                                4 
2016-05-05                                7 
2016-05-06                                6 
2016-05-07                                4 
2016-05-08                                1 
2016-05-09                                2 
2016-05-10                                6 
2016-05-11                                7 
2016-05-12                                6 
2016-05-13                                8 
2016-05-14                                3 
2016-05-15                                1 
2016-05-16                                5 
2016-05-17                                7 
2016-05-18                                4 
2016-05-19                                5 
2016-05-20*                           6.3908 
2016-05-21*                            4.335 
2016-05-22*                           1.0143 
2016-05-23*                           2.4185 
2016-05-24*                           6.9445 
2016-05-25*                           5.0672 
2016-05-26*                           7.6383 
2016-05-27*                           6.9069 
2016-05-28*                            4.289 
2016-05-29*                           1.2559 

=== Evaluation on training data ===
Target                             1-step-ahead  2-steps-ahead  3-steps-ahead  4-steps-ahead  5-steps-ahead  6-steps-ahead  7-steps-ahead  8-steps-ahead  9-steps-ahead 10-steps-ahead
======================================================================================================================================================================================
Sottoarea_13.Prodotto_2.Vendite
  N                                         505            504            503            502            501            500            499            498            497            496
  Mean absolute error                    0.6218           0.62         0.6206         0.6214         0.6222         0.6226         0.6198         0.6209         0.6212         0.6224
  Mean absolute percentage error        17.0388         16.755        16.7716         16.791        16.8074         16.813         16.813        16.8456        16.8545        16.8889
  Root mean squared error                0.8566         0.8547         0.8554         0.8562          0.857         0.8577         0.8537         0.8546         0.8551          0.856
  Mean squared error                     0.7337         0.7305         0.7317         0.7331         0.7345         0.7356         0.7288         0.7303         0.7312         0.7327

Total number of instances: 870

