=== Run information ===

Scheme:
	RandomForest -P 100 -I 300 -num-slots 1 -K 0 -M 1.0 -V 0.001 -S 1

Lagged and derived variable options:
	-F [Sottoarea_104.Prodotto_2.Vendite] -L 1 -M 365 -R "30, 60, 90, 365" -G Sottoarea_104.Prodotto_2.Data -dayofweek -weekend

Relation:     Prodotto2_Sottoarea_104-weka.filters.unsupervised.attribute.Remove-R1-6
Instances:    870
Attributes:   4
              Sottoarea_104.Prodotto_2.Data
              Sottoarea_104.Prodotto_2.Day
              Sottoarea_104.Prodotto_2.Season
              Sottoarea_104.Prodotto_2.Vendite

Transformed training data:

              Sottoarea_104.Prodotto_2.Vendite
              DayOfWeek
              Weekend
              Sottoarea_104.Prodotto_2.Data-remapped
              Lag_Sottoarea_104.Prodotto_2.Vendite-30
              Lag_Sottoarea_104.Prodotto_2.Vendite-60
              Lag_Sottoarea_104.Prodotto_2.Vendite-90
              Lag_Sottoarea_104.Prodotto_2.Vendite-365
              Sottoarea_104.Prodotto_2.Data-remapped^2
              Sottoarea_104.Prodotto_2.Data-remapped^3
              Sottoarea_104.Prodotto_2.Data-remapped*Lag_Sottoarea_104.Prodotto_2.Vendite-30
              Sottoarea_104.Prodotto_2.Data-remapped*Lag_Sottoarea_104.Prodotto_2.Vendite-60
              Sottoarea_104.Prodotto_2.Data-remapped*Lag_Sottoarea_104.Prodotto_2.Vendite-90
              Sottoarea_104.Prodotto_2.Data-remapped*Lag_Sottoarea_104.Prodotto_2.Vendite-365

Sottoarea_104.Prodotto_2.Vendite:
RandomForest

Bagging with 300 iterations and base learner

weka.classifiers.trees.RandomTree -K 0 -M 1.0 -V 0.001 -S 1 -do-not-check-capabilities

=== Predictions for training data: Sottoarea_104.Prodotto_2.Vendite (10-steps ahead) ===

      inst#       actual    predicted        error
        375            2        1.495       -0.505
        376            1       0.9906      -0.0094
        377            1        1.168        0.168
        378            1       1.2738       0.2738
        379            3       2.4427      -0.5573
        380            2       2.0379       0.0379
        381            1       1.4163       0.4163
        382            0       0.6543       0.6543
        383            0       0.3846       0.3846
        384            2        1.625       -0.375
        385            2       1.7469      -0.2531
        386            3       2.4979      -0.5021
        387            2       2.2941       0.2941
        388            4       3.1357      -0.8643
        389            1       1.1215       0.1215
        390            1       1.0604       0.0604
        391            1       1.0368       0.0368
        392            1       1.1514       0.1514
        393            1       1.5326       0.5326
        394            2       2.0383       0.0383
        395            3       2.9927      -0.0073
        396            2        1.663       -0.337
        397            1       1.3034       0.3034
        398            0       0.5545       0.5545
        399            1       1.0517       0.0517
        400            2       2.0216       0.0216
        401            2       2.2829       0.2829
        402            3        2.935       -0.065
        403            2       1.8439      -0.1561
        404            3       2.2643      -0.7357
        405            2       1.9659      -0.0341
        406            1       1.3371       0.3371
        407            2       2.0298       0.0298
        408            2       2.3383       0.3383
        409            3       2.8709      -0.1291
        410            3       2.5107      -0.4893
        411            1       1.4476       0.4476
        412            1       1.2979       0.2979
        413            2       1.9461      -0.0539
        414            2       2.0667       0.0667
        415            3       2.8411      -0.1589
        416            3         2.85        -0.15
        417            2       2.0391       0.0391
        418            1       0.9591      -0.0409
        419            2       2.1478       0.1478
        420            3        2.961       -0.039
        421            3       2.7922      -0.2078
        422            3       3.4966       0.4966
        423            3       2.9426      -0.0574
        424            2       2.1198       0.1198
        425            0       0.4859       0.4859
        426            2       2.5465       0.5465
        427            4       3.6443      -0.3557
        428            3       2.8709      -0.1291
        429           10        7.254       -2.746
        430            2        2.783        0.783
        431            8       5.6868      -2.3132
        432            1       1.0887       0.0887
        433            7       5.5078      -1.4922
        434            4       3.5201      -0.4799
        435            4       3.5172      -0.4828
        436            3       4.0495       1.0495
        437            4       3.5129      -0.4871
        438            3       2.5788      -0.4212
        439            1       0.9827      -0.0173
        440            2       2.7888       0.7888
        441            3       3.1511       0.1511
        442            3       2.8128      -0.1872
        443            4       3.4873      -0.5127
        444            4       3.5878      -0.4122
        445            2       1.7269      -0.2731
        446            0       0.4623       0.4623
        447            5       3.8696      -1.1304
        448            2       2.1123       0.1123
        449            3        2.897       -0.103
        450            3       2.9107      -0.0893
        451            3       2.8566      -0.1434
        452            1       1.0721       0.0721
        453            1       0.8893      -0.1107
        454            2       2.4241       0.4241
        455            2       2.0889       0.0889
        456            2        2.319        0.319
        457            3       2.8185      -0.1815
        458            2       2.3569       0.3569
        459            1       0.9073      -0.0927
        460            1       1.1101       0.1101
        461            3       3.0744       0.0744
        462            3       2.7534      -0.2466
        463            3        2.787       -0.213
        464            2       2.1746       0.1746
        465            3       2.6446      -0.3554
        466            0       0.4219       0.4219
        467            1       0.9589      -0.0411
        468            2       2.1909       0.1909
        469            3       2.8761      -0.1239
        470            3       2.5238      -0.4762
        471            2       2.2679       0.2679
        472            2       2.1849       0.1849
        473            2       1.6382      -0.3618
        474            1       0.9775      -0.0225
        475            2       2.1495       0.1495
        476            1       1.4341       0.4341
        477            2       2.1124       0.1124
        478            3       2.9965      -0.0035
        479            2       2.1373       0.1373
        480            2       1.5858      -0.4142
        481            1       1.0133       0.0133
        482            2       1.9827      -0.0173
        483            2       2.2283       0.2283
        484            1       1.4709       0.4709
        485            5       4.1489      -0.8511
        486            2         2.14         0.14
        487            1       1.1804       0.1804
        488            2       1.7499      -0.2501
        489            3       3.3466       0.3466
        490            4       3.4024      -0.5976
        491            2       2.0109       0.0109
        492            4       3.4889      -0.5111
        493            2       2.5199       0.5199
        494            2       1.6232      -0.3768
        495            1       0.9922      -0.0078
        496            2       1.8852      -0.1148
        497            2       2.2967       0.2967
        498            1       1.3567       0.3567
        499            1       1.6308       0.6308
        500            1       1.4541       0.4541
        501            0       0.7189       0.7189
        502            2       1.5269      -0.4731
        503            3       2.5322      -0.4678
        504            3       2.7032      -0.2968
        505            2       1.8452      -0.1548
        506            2       2.1443       0.1443
        507            3       2.6869      -0.3131
        508            2       1.5832      -0.4168
        509            0       0.3618       0.3618
        510            1        1.354        0.354
        511            3       2.7905      -0.2095
        512            2        1.892       -0.108
        513            1       1.4673       0.4673
        514            3       2.7009      -0.2991
        515            1       0.9199      -0.0801
        516            0       0.1774       0.1774
        517            0       0.6573       0.6573
        518            1       1.4301       0.4301
        519            1       1.4482       0.4482
        520            3       2.6312      -0.3688
        521            3       2.5231      -0.4769
        522            0       0.4979       0.4979
        523            1       0.7869      -0.2131
        524            2       1.7359      -0.2641
        525            2       2.1503       0.1503
        526            1       1.3846       0.3846
        527            2       1.9588      -0.0412
        528            2       2.1449       0.1449
        529            2       1.5137      -0.4863
        530            0       0.1699       0.1699
        531            3       2.3718      -0.6282
        532            2       2.0967       0.0967
        533            3       2.4309      -0.5691
        534            2       1.9902      -0.0098
        535            1        1.568        0.568
        536            0       0.4678       0.4678
        537            1       0.7671      -0.2329
        538            2       1.8765      -0.1235
        539            2       1.9896      -0.0104
        540            0       0.7602       0.7602
        541            2       1.9705      -0.0295
        542            3       2.5506      -0.4494
        543            2       1.8493      -0.1507
        544            0       0.0768       0.0768
        545            2       1.7687      -0.2313
        546            1       1.3149       0.3149
        547            1       1.2052       0.2052
        548            2       2.0857       0.0857
        549            2       2.2073       0.2073
        550            3       2.1508      -0.8492
        551            0       0.1234       0.1234
        552            1       1.3558       0.3558
        553            4       3.2961      -0.7039
        554            2       1.9322      -0.0678
        555            3       2.5455      -0.4545
        556            2        2.037        0.037
        557            1       1.0514       0.0514
        558            0         0.03         0.03
        559            1       1.0162       0.0162
        560            1        1.474        0.474
        561            2       2.0092       0.0092
        562            2       2.1702       0.1702
        563            2       1.9921      -0.0079
        564            1       0.9349      -0.0651
        565            0       0.0593       0.0593
        566            1       1.2066       0.2066
        567            1       1.5117       0.5117
        568            2       1.8581      -0.1419
        569            2       2.0757       0.0757
        570            1       1.6093       0.6093
        571            1       1.0558       0.0558
        572            0       0.0568       0.0568
        573            0       0.6094       0.6094
        574            2       1.9047      -0.0953
        575            2        1.867       -0.133
        576            2       2.1089       0.1089
        577            4       3.3018      -0.6982
        578            1       0.9715      -0.0285
        579            0         0.05         0.05
        580            2       1.7257      -0.2743
        581            2       1.8615      -0.1385
        582            1       1.3531       0.3531
        583            3       2.7526      -0.2474
        584            2       1.9803      -0.0197
        585            1        1.004        0.004
        586            0       0.0233       0.0233
        587            1         1.16         0.16
        588            2       1.8615      -0.1385
        589            1       1.2083       0.2083
        590            2       2.0654       0.0654
        591            1       1.4895       0.4895
        592            0       0.3736       0.3736
        593            0        0.146        0.146
        594            2       1.7244      -0.2756
        595            2       1.9311      -0.0689
        596            2       1.9433      -0.0567
        597            1        1.512        0.512
        598            2       1.9833      -0.0167
        599            1       0.8356      -0.1644
        600            0       0.4868       0.4868
        601            1       1.2505       0.2505
        602            1       1.2837       0.2837
        603            1       1.1428       0.1428
        604            1         1.19         0.19
        605            2       2.0197       0.0197
        606            1       0.9633      -0.0367
        607            0       0.1368       0.1368
        608            1         1.21         0.21
        609            1       1.3358       0.3358
        610            1       1.3335       0.3335
        611            1       1.3198       0.3198
        612            2       2.1212       0.1212
        613            0        0.243        0.243
        614            1        0.666       -0.334
        615            1       1.3465       0.3465
        616            2       1.8896      -0.1104
        617            2       2.0633       0.0633
        618            2        2.207        0.207
        619            3       2.6847      -0.3153
        620            1         0.95        -0.05
        621            0       0.0667       0.0667
        622            2       2.0308       0.0308
        623            3       2.5718      -0.4282
        624            2       2.0883       0.0883
        625            2       2.0667       0.0667
        626            2       2.1807       0.1807
        627            0       0.3312       0.3312
        628            0         0.21         0.21
        629            3       2.6429      -0.3571
        630            3        2.653       -0.347
        631            3       2.4862      -0.5138
        632            2       2.1266       0.1266
        633            2       2.3244       0.3244
        634            1       0.9618      -0.0382
        635            1       0.6631      -0.3369
        636            2       1.9327      -0.0673
        637            1       1.7811       0.7811
        638            1       1.6002       0.6002
        639            5       4.0025      -0.9975
        640            2       2.0916       0.0916
        641            1       0.9259      -0.0741
        642            1       0.7599      -0.2401
        643            2       1.7863      -0.2137
        644            3       2.4889      -0.5111
        645            2       1.8566      -0.1434
        646            3       2.7145      -0.2855
        647            3       2.8399      -0.1601
        648            0       0.5349       0.5349
        649            0       0.1966       0.1966
        650            2       2.0094       0.0094
        651            3       2.7458      -0.2542
        652            2       2.0477       0.0477
        653            3       2.8368      -0.1632
        654            2       2.1296       0.1296
        655            2       1.3196      -0.6804
        656            0         0.19         0.19
        657            2       1.8939      -0.1061
        658            2       2.0239       0.0239
        659            2       2.0562       0.0562
        660            2       2.3597       0.3597
        661            3       2.8377      -0.1623
        662            2       1.6939      -0.3061
        663            0         0.17         0.17
        664            2       1.9731      -0.0269
        665            1       1.5282       0.5282
        666            2       2.0633       0.0633
        667            1       1.4351       0.4351
        668            2       2.3384       0.3384
        669            1       1.0116       0.0116
        670            0       0.0852       0.0852
        671            2       1.8683      -0.1317
        672            2       2.0463       0.0463
        673            2       2.0238       0.0238
        674            2       2.2317       0.2317
        675            4       3.4366      -0.5634
        676            1       0.9851      -0.0149
        677            1       0.8064      -0.1936
        678            2       2.0258       0.0258
        679            4       3.1382      -0.8618
        680            3       2.6517      -0.3483
        681            3         2.83        -0.17
        682            2       2.2866       0.2866
        683            0       0.1737       0.1737
        684            0       0.0833       0.0833
        685            2       1.9573      -0.0427
        686            2        1.944       -0.056
        687            2       2.1233       0.1233
        688            4       3.5648      -0.4352
        689            3       2.7236      -0.2764
        690            0       0.2471       0.2471
        691            1         0.76        -0.24
        692            2       1.8883      -0.1117
        693            1       1.6333       0.6333
        694            2       2.0882       0.0882
        695            3       2.9722      -0.0278
        696            2       2.3505       0.3505
        697            1       1.0731       0.0731
        698            1       0.7334      -0.2666
        699            1       1.3057       0.3057
        700            3       2.4433      -0.5567
        701            2       2.0289       0.0289
        702            3       2.9312      -0.0688
        703            4        3.365       -0.635
        704            1        0.979       -0.021
        705            0       0.2368       0.2368
        706            1       1.2233       0.2233
        707            1       1.3404       0.3404
        708            2       2.0752       0.0752
        709            2         2.04         0.04
        710            2       2.1137       0.1137
        711            0       0.3269       0.3269
        712            0         0.08         0.08
        713            1       1.1505       0.1505
        714            2       2.0807       0.0807
        715            2       2.0163       0.0163
        716            3       2.7474      -0.2526
        717            2       2.1242       0.1242
        718            1       0.8836      -0.1164
        719            1       0.6533      -0.3467
        720            2       1.6967      -0.3033
        721            2       2.0586       0.0586
        722            2        2.013        0.013
        723            2       2.3461       0.3461
        724            1        1.099        0.099
        725            0       0.2179       0.2179
        726            0       0.0601       0.0601
        727            1       1.2396       0.2396
        728            3       2.6063      -0.3937
        729            1       1.4301       0.4301
        730            1       1.4529       0.4529
        731            0       0.6425       0.6425
        732            0         0.16         0.16
        733            0       0.0733       0.0733
        734            1       1.1633       0.1633
        735            3       2.6644      -0.3356
        736            2       1.9539      -0.0461
        737            1       1.2716       0.2716
        738            2       1.9967      -0.0033
        739            0       0.2599       0.2599
        740            0       0.1038       0.1038
        741            1       1.1863       0.1863
        742            2       1.9853      -0.0147
        743            2       1.9752      -0.0248
        744            1       1.6212       0.6212
        745            3       2.5798      -0.4202
        746            1       0.7631      -0.2369
        747            0       0.0534       0.0534
        748            3       2.3965      -0.6035
        749            2        2.103        0.103
        750            2       2.0296       0.0296
        751            2       2.1227       0.1227
        752            2       2.1434       0.1434
        753            1       1.1439       0.1439
        754            0         0.04         0.04
        755            1       1.3033       0.3033
        756            1       1.4886       0.4886
        757            2        2.143        0.143
        758            2       1.9517      -0.0483
        759            1       1.3122       0.3122
        760            1       1.1018       0.1018
        761            0       0.1965       0.1965
        762            2       1.7798      -0.2202
        763            2       2.0085       0.0085
        764            3       2.6333      -0.3667
        765            2       2.3436       0.3436
        766            1       1.2233       0.2233
        767            3       2.3828      -0.6172
        768            1       0.6431      -0.3569
        769            1       1.3297       0.3297
        770            2       2.1814       0.1814
        771            2         2.11         0.11
        772            3       2.7667      -0.2333
        773            2        1.953       -0.047
        774            1       1.2067       0.2067
        775            0       0.2166       0.2166
        776            2       1.9167      -0.0833
        777            3       2.5664      -0.4336
        778            3       2.6997      -0.3003
        779            4       3.2468      -0.7532
        780            2         2.12         0.12
        781            1       1.1725       0.1725
        782            0       0.1633       0.1633
        783            2        1.899       -0.101
        784            3       2.6919      -0.3081
        785            2       2.1696       0.1696
        786            3          2.8         -0.2
        787            1       1.3971       0.3971
        788            2        1.652       -0.348
        789            0       0.3518       0.3518
        790            1       1.2675       0.2675
        791            2       2.2542       0.2542
        792            3       2.7924      -0.2076
        793            4       3.3928      -0.6072
        794            4       3.1521      -0.8479
        795            1       1.1264       0.1264
        796            1       0.8126      -0.1874
        797            2        1.836       -0.164
        798            3       2.5117      -0.4883
        799            3       2.7859      -0.2141
        800            2         2.29         0.29
        801            2       2.5052       0.5052
        802            1       1.0734       0.0734
        803            1       0.8427      -0.1573
        804            2       1.8619      -0.1381
        805            3       2.7333      -0.2667
        806            2       2.1899       0.1899
        807            2       2.0833       0.0833
        808            2       2.2359       0.2359
        809            1       1.0896       0.0896
        810            0       0.0667       0.0667
        811            1        1.321        0.321
        812            0       1.0375       1.0375
        813            2       2.1933       0.1933
        814            2          2.1          0.1
        815            4       3.4708      -0.5292
        816            2       1.7998      -0.2002
        817            0       0.1735       0.1735
        818            0       0.7442       0.7442
        819            2       2.1248       0.1248
        820            3        2.675       -0.325
        821            2       2.1938       0.1938
        822            3       2.9482      -0.0518
        823            2       1.7199      -0.2801
        824            0       0.1134       0.1134
        825            3        2.316       -0.684
        826            3       2.6548      -0.3452
        827            3       2.5953      -0.4047
        828            2       2.1634       0.1634
        829            3       2.9916      -0.0084
        830            1       1.2599       0.2599
        831            1       0.7069      -0.2931
        832            2       1.8383      -0.1617
        833            2       2.3599       0.3599
        834            1       1.6271       0.6271
        835            3       2.7399      -0.2601
        836            3       2.8733      -0.1267
        837            2       1.6199      -0.3801
        838            0       0.1264       0.1264
        839            1        1.335        0.335
        840            3         2.53        -0.47
        841            2       2.1615       0.1615
        842            3       2.7895      -0.2105
        843            3       2.8716      -0.1284
        844            1         1.15         0.15
        845            0       0.0668       0.0668
        846            1       1.2602       0.2602
        847            1       1.5974       0.5974
        848            3       2.5535      -0.4465
        849            2       2.1433       0.1433
        850            2       2.3116       0.3116
        851            1       1.0333       0.0333
        852            0         0.02         0.02
        853            2       1.8378      -0.1622
        854            3       2.6534      -0.3466
        855            3       2.7856      -0.2144
        856            2       2.1264       0.1264
        857            2       2.1434       0.1434
        858            1        0.987       -0.013
        859            0       0.1164       0.1164
        860            2         1.92        -0.08
        861            3        2.739       -0.261
        862            3         2.66        -0.34
        863            3       2.6792      -0.3208
        864            3       2.6118      -0.3882
        865            0       0.3433       0.3433
        866            0         0.08         0.08
        867            2        1.917       -0.083
        868            2       2.1593       0.1593
        869            2       2.1519       0.1519
        870            1       1.4538       0.4538
        871            ?       2.5596            ?
        872            ?       2.7189            ?
        873            ?       0.0464            ?
        874            ?       1.8161            ?
        875            ?        2.542            ?
        876            ?       2.1944            ?
        877            ?       2.2746            ?
        878            ?       2.3093            ?
        879            ?       0.9833            ?

=== Future predictions from end of training data ===
Time        Sottoarea_104.Prodotto_2.Vendite 
2014-01-01                                 0 
2014-01-02                                 1 
2014-01-03                                 1 
2014-01-04                                 1 
2014-01-05                                 0 
2014-01-06                                 0 
2014-01-07                                 1 
2014-01-08                                 2 
2014-01-09                                 2 
2014-01-10                                 2 
2014-01-11                                 2 
2014-01-12                                 0 
2014-01-13                                 1 
2014-01-14                                 1 
2014-01-15                                 1 
2014-01-16                                 3 
2014-01-17                                 3 
2014-01-18                                 1 
2014-01-19                                 1 
2014-01-20                                 1 
2014-01-21                                 3 
2014-01-22                                 2 
2014-01-23                                 1 
2014-01-24                                 1 
2014-01-25                                 1 
2014-01-26                                 1 
2014-01-27                                 1 
2014-01-28                                 2 
2014-01-29                                 2 
2014-01-30                                 2 
2014-01-31                                 2 
2014-02-01                                 1 
2014-02-02                                 1 
2014-02-03                                 1 
2014-02-04                                 3 
2014-02-05                                 2 
2014-02-06                                 2 
2014-02-07                                 1 
2014-02-08                                 2 
2014-02-09                                 1 
2014-02-10                                 1 
2014-02-11                                 2 
2014-02-12                                 2 
2014-02-13                                 3 
2014-02-14                                 2 
2014-02-15                                 2 
2014-02-16                                 1 
2014-02-17                                 1 
2014-02-18                                 2 
2014-02-19                                 3 
2014-02-20                                 3 
2014-02-21                                 2 
2014-02-22                                 0 
2014-02-23                                 2 
2014-02-24                                 1 
2014-02-25                                 2 
2014-02-26                                 1 
2014-02-27                                 3 
2014-02-28                                 2 
2014-03-01                                 1 
2014-03-02                                 1 
2014-03-03                                 2 
2014-03-04                                 1 
2014-03-05                                 2 
2014-03-06                                 3 
2014-03-07                                 1 
2014-03-08                                 2 
2014-03-09                                 1 
2014-03-10                                 1 
2014-03-11                                 2 
2014-03-12                                 2 
2014-03-13                                 2 
2014-03-14                                 2 
2014-03-15                                 2 
2014-03-16                                 1 
2014-03-17                                 1 
2014-03-18                                 1 
2014-03-19                                 0 
2014-03-20                                 0 
2014-03-21                                 0 
2014-03-22                                 0 
2014-03-23                                 0 
2014-03-24                                 0 
2014-03-25                                 0 
2014-03-26                                 3 
2014-03-27                                 0 
2014-03-28                                 3 
2014-03-29                                 0 
2014-03-30                                 2 
2014-03-31                                 1 
2014-04-01                                 1 
2014-04-02                                 3 
2014-04-03                                 2 
2014-04-04                                 1 
2014-04-05                                 0 
2014-04-06                                 0 
2014-04-07                                 1 
2014-04-08                                 1 
2014-04-09                                 9 
2014-04-10                                 2 
2014-04-11                                 1 
2014-04-12                                 0 
2014-04-13                                 3 
2014-04-14                                 1 
2014-04-15                                 1 
2014-04-16                                 2 
2014-04-17                                 1 
2014-04-18                                 4 
2014-04-19                                 0 
2014-04-20                                 0 
2014-04-21                                 0 
2014-04-22                                 2 
2014-04-23                                 1 
2014-04-24                                 0 
2014-04-25                                 0 
2014-04-26                                 0 
2014-04-27                                 0 
2014-04-28                                 1 
2014-04-29                                 1 
2014-04-30                                 1 
2014-05-01                                 7 
2014-05-02                                 1 
2014-05-03                                 0 
2014-05-04                                 0 
2014-05-05                                 1 
2014-05-06                                 0 
2014-05-07                                 1 
2014-05-08                                 1 
2014-05-09                                 1 
2014-05-10                                 0 
2014-05-11                                10 
2014-05-12                                 1 
2014-05-13                                 0 
2014-05-14                                 2 
2014-05-15                                 1 
2014-05-16                                 1 
2014-05-17                                 0 
2014-05-18                                 0 
2014-05-19                                 1 
2014-05-20                                 1 
2014-05-21                                 1 
2014-05-22                                 1 
2014-05-23                                 1 
2014-05-24                                 0 
2014-05-25                                 0 
2014-05-26                                 1 
2014-05-27                                 1 
2014-05-28                                 1 
2014-05-29                                 1 
2014-05-30                                 1 
2014-05-31                                 0 
2014-06-01                                 0 
2014-06-02                                 0 
2014-06-03                                 1 
2014-06-04                                 1 
2014-06-05                                 1 
2014-06-06                                 1 
2014-06-07                                 0 
2014-06-08                                 0 
2014-06-09                                 2 
2014-06-10                                 2 
2014-06-11                                 1 
2014-06-12                                 2 
2014-06-13                                 1 
2014-06-14                                 1 
2014-06-15                                 1 
2014-06-16                                 2 
2014-06-17                                 1 
2014-06-18                                 1 
2014-06-19                                 1 
2014-06-20                                 2 
2014-06-21                                 1 
2014-06-22                                 3 
2014-06-23                                 2 
2014-06-24                                 1 
2014-06-25                                 1 
2014-06-26                                 2 
2014-06-27                                 2 
2014-06-28                                 1 
2014-06-29                                 1 
2014-06-30                                27 
2014-07-01                                 1 
2014-07-02                                 1 
2014-07-03                                 4 
2014-07-04                                 2 
2014-07-05                                 0 
2014-07-06                                 1 
2014-07-07                                 1 
2014-07-08                                 1 
2014-07-09                                 2 
2014-07-10                                 1 
2014-07-11                                 1 
2014-07-12                                 1 
2014-07-13                                 1 
2014-07-14                                 1 
2014-07-15                                 3 
2014-07-16                                 2 
2014-07-17                                 1 
2014-07-18                                 1 
2014-07-19                                 0 
2014-07-20                                 2 
2014-07-21                                 1 
2014-07-22                                 1 
2014-07-23                                 2 
2014-07-24                                 1 
2014-07-25                                 3 
2014-07-26                                 1 
2014-07-27                                 0 
2014-07-28                                 1 
2014-07-29                                 2 
2014-07-30                                 1 
2014-07-31                                 3 
2014-08-01                                 2 
2014-08-02                                 1 
2014-08-03                                 1 
2014-08-04                                 1 
2014-08-05                                 2 
2014-08-06                                 2 
2014-08-07                                 1 
2014-08-08                                 2 
2014-08-09                                 1 
2014-08-10                                 1 
2014-08-11                                 1 
2014-08-12                                 2 
2014-08-13                                 1 
2014-08-14                                 2 
2014-08-15                                 0 
2014-08-16                                 0 
2014-08-17                                 0 
2014-08-18                                 1 
2014-08-19                                 1 
2014-08-20                                 3 
2014-08-21                                 1 
2014-08-22                                 1 
2014-08-23                                 1 
2014-08-24                                 1 
2014-08-25                                 1 
2014-08-26                                 2 
2014-08-27                                 1 
2014-08-28                                 1 
2014-08-29                                 2 
2014-08-30                                 1 
2014-08-31                                 1 
2014-09-01                                 1 
2014-09-02                                 1 
2014-09-03                                 0 
2014-09-04                                 1 
2014-09-05                                 1 
2014-09-06                                 0 
2014-09-07                                 0 
2014-09-08                                 1 
2014-09-09                                 1 
2014-09-10                                 2 
2014-09-11                                 1 
2014-09-12                                 2 
2014-09-13                                 1 
2014-09-14                                 1 
2014-09-15                                 1 
2014-09-16                                 1 
2014-09-17                                 2 
2014-09-18                                 4 
2014-09-19                                 1 
2014-09-20                                 1 
2014-09-21                                 1 
2014-09-22                                 1 
2014-09-23                                 1 
2014-09-24                                 2 
2014-09-25                                 2 
2014-09-26                                 2 
2014-09-27                                 1 
2014-09-28                                 0 
2014-09-29                                 1 
2014-09-30                                 1 
2014-10-01                                 2 
2014-10-02                                 2 
2014-10-03                                 2 
2014-10-04                                 0 
2014-10-05                                 1 
2014-10-06                                 1 
2014-10-07                                 1 
2014-10-08                                 1 
2014-10-09                                 2 
2014-10-10                                 2 
2014-10-11                                 1 
2014-10-12                                 1 
2014-10-13                                 1 
2014-10-14                                 3 
2014-10-15                                 4 
2014-10-16                                 3 
2014-10-17                                 2 
2014-10-18                                 1 
2014-10-19                                 1 
2014-10-20                                 2 
2014-10-21                                 2 
2014-10-22                                 2 
2014-10-23                                 2 
2014-10-24                                 3 
2014-10-25                                 1 
2014-10-26                                 1 
2014-10-27                                 1 
2014-10-28                                 2 
2014-10-29                                 1 
2014-10-30                                 3 
2014-10-31                                 2 
2014-11-01                                 1 
2014-11-02                                 0 
2014-11-03                                 1 
2014-11-04                                 2 
2014-11-05                                 1 
2014-11-06                                 2 
2014-11-07                                 3 
2014-11-08                                 2 
2014-11-09                                 1 
2014-11-10                                 1 
2014-11-11                                 1 
2014-11-12                                 2 
2014-11-13                                 3 
2014-11-14                                 2 
2014-11-15                                 1 
2014-11-16                                 2 
2014-11-17                                 1 
2014-11-18                                 2 
2014-11-19                                 2 
2014-11-20                                 3 
2014-11-21                                 2 
2014-11-22                                 1 
2014-11-23                                 1 
2014-11-24                                 1 
2014-11-25                                 1 
2014-11-26                                 2 
2014-11-27                                 4 
2014-11-28                                 4 
2014-11-29                                 1 
2014-11-30                                 2 
2014-12-01                                 1 
2014-12-02                                 2 
2014-12-03                                 3 
2014-12-04                                 3 
2014-12-05                                 3 
2014-12-06                                 1 
2014-12-07                                 1 
2014-12-08                                 0 
2014-12-09                                 1 
2014-12-10                                 3 
2014-12-11                                 3 
2014-12-12                                 3 
2014-12-13                                 1 
2014-12-14                                 1 
2014-12-15                                 2 
2014-12-16                                 2 
2014-12-17                                 3 
2014-12-18                                 2 
2014-12-19                                 2 
2014-12-20                                 1 
2014-12-21                                 1 
2014-12-22                                 1 
2014-12-23                                 2 
2014-12-24                                 2 
2014-12-25                                 0 
2014-12-26                                 0 
2014-12-27                                 0 
2014-12-28                                 0 
2014-12-29                                 2 
2014-12-30                                 2 
2014-12-31                                 1 
2015-01-01                                 1 
2015-01-02                                 1 
2015-01-03                                 1 
2015-01-04                                 1 
2015-01-05                                 1 
2015-01-06                                 0 
2015-01-07                                 1 
2015-01-08                                 2 
2015-01-09                                 1 
2015-01-10                                 2 
2015-01-11                                 1 
2015-01-12                                 1 
2015-01-13                                 1 
2015-01-14                                 3 
2015-01-15                                 2 
2015-01-16                                 1 
2015-01-17                                 0 
2015-01-18                                 0 
2015-01-19                                 2 
2015-01-20                                 2 
2015-01-21                                 3 
2015-01-22                                 2 
2015-01-23                                 4 
2015-01-24                                 1 
2015-01-25                                 1 
2015-01-26                                 1 
2015-01-27                                 1 
2015-01-28                                 1 
2015-01-29                                 2 
2015-01-30                                 3 
2015-01-31                                 2 
2015-02-01                                 1 
2015-02-02                                 0 
2015-02-03                                 1 
2015-02-04                                 2 
2015-02-05                                 2 
2015-02-06                                 3 
2015-02-07                                 2 
2015-02-08                                 3 
2015-02-09                                 2 
2015-02-10                                 1 
2015-02-11                                 2 
2015-02-12                                 2 
2015-02-13                                 3 
2015-02-14                                 3 
2015-02-15                                 1 
2015-02-16                                 1 
2015-02-17                                 2 
2015-02-18                                 2 
2015-02-19                                 3 
2015-02-20                                 3 
2015-02-21                                 2 
2015-02-22                                 1 
2015-02-23                                 2 
2015-02-24                                 3 
2015-02-25                                 3 
2015-02-26                                 3 
2015-02-27                                 3 
2015-02-28                                 2 
2015-03-01                                 0 
2015-03-02                                 2 
2015-03-03                                 4 
2015-03-04                                 3 
2015-03-05                                10 
2015-03-06                                 2 
2015-03-07                                 8 
2015-03-08                                 1 
2015-03-09                                 7 
2015-03-10                                 4 
2015-03-11                                 4 
2015-03-12                                 3 
2015-03-13                                 4 
2015-03-14                                 3 
2015-03-15                                 1 
2015-03-16                                 2 
2015-03-17                                 3 
2015-03-18                                 3 
2015-03-19                                 4 
2015-03-20                                 4 
2015-03-21                                 2 
2015-03-22                                 0 
2015-03-23                                 5 
2015-03-24                                 2 
2015-03-25                                 3 
2015-03-26                                 3 
2015-03-27                                 3 
2015-03-28                                 1 
2015-03-29                                 1 
2015-03-30                                 2 
2015-03-31                                 2 
2015-04-01                                 2 
2015-04-02                                 3 
2015-04-03                                 2 
2015-04-04                                 1 
2015-04-05                                 1 
2015-04-06                                 3 
2015-04-07                                 3 
2015-04-08                                 3 
2015-04-09                                 2 
2015-04-10                                 3 
2015-04-11                                 0 
2015-04-12                                 1 
2015-04-13                                 2 
2015-04-14                                 3 
2015-04-15                                 3 
2015-04-16                                 2 
2015-04-17                                 2 
2015-04-18                                 2 
2015-04-19                                 1 
2015-04-20                                 2 
2015-04-21                                 1 
2015-04-22                                 2 
2015-04-23                                 3 
2015-04-24                                 2 
2015-04-25                                 2 
2015-04-26                                 1 
2015-04-27                                 2 
2015-04-28                                 2 
2015-04-29                                 1 
2015-04-30                                 5 
2015-05-01                                 2 
2015-05-02                                 1 
2015-05-03                                 2 
2015-05-04                                 3 
2015-05-05                                 4 
2015-05-06                                 2 
2015-05-07                                 4 
2015-05-08                                 2 
2015-05-09                                 2 
2015-05-10                                 1 
2015-05-11                                 2 
2015-05-12                                 2 
2015-05-13                                 1 
2015-05-14                                 1 
2015-05-15                                 1 
2015-05-16                                 0 
2015-05-17                                 2 
2015-05-18                                 3 
2015-05-19                                 3 
2015-05-20                                 2 
2015-05-21                                 2 
2015-05-22                                 3 
2015-05-23                                 2 
2015-05-24                                 0 
2015-05-25                                 1 
2015-05-26                                 3 
2015-05-27                                 2 
2015-05-28                                 1 
2015-05-29                                 3 
2015-05-30                                 1 
2015-05-31                                 0 
2015-06-01                                 0 
2015-06-02                                 1 
2015-06-03                                 1 
2015-06-04                                 3 
2015-06-05                                 3 
2015-06-06                                 0 
2015-06-07                                 1 
2015-06-08                                 2 
2015-06-09                                 2 
2015-06-10                                 1 
2015-06-11                                 2 
2015-06-12                                 2 
2015-06-13                                 2 
2015-06-14                                 0 
2015-06-15                                 3 
2015-06-16                                 2 
2015-06-17                                 3 
2015-06-18                                 2 
2015-06-19                                 1 
2015-06-20                                 0 
2015-06-21                                 1 
2015-06-22                                 2 
2015-06-23                                 2 
2015-06-24                                 0 
2015-06-25                                 2 
2015-06-26                                 3 
2015-06-27                                 2 
2015-06-28                                 0 
2015-06-29                                 2 
2015-06-30                                 1 
2015-07-01                                 1 
2015-07-02                                 2 
2015-07-03                                 2 
2015-07-04                                 3 
2015-07-05                                 0 
2015-07-06                                 1 
2015-07-07                                 4 
2015-07-08                                 2 
2015-07-09                                 3 
2015-07-10                                 2 
2015-07-11                                 1 
2015-07-12                                 0 
2015-07-13                                 1 
2015-07-14                                 1 
2015-07-15                                 2 
2015-07-16                                 2 
2015-07-17                                 2 
2015-07-18                                 1 
2015-07-19                                 0 
2015-07-20                                 1 
2015-07-21                                 1 
2015-07-22                                 2 
2015-07-23                                 2 
2015-07-24                                 1 
2015-07-25                                 1 
2015-07-26                                 0 
2015-07-27                                 0 
2015-07-28                                 2 
2015-07-29                                 2 
2015-07-30                                 2 
2015-07-31                                 4 
2015-08-01                                 1 
2015-08-02                                 0 
2015-08-03                                 2 
2015-08-04                                 2 
2015-08-05                                 1 
2015-08-06                                 3 
2015-08-07                                 2 
2015-08-08                                 1 
2015-08-09                                 0 
2015-08-10                                 1 
2015-08-11                                 2 
2015-08-12                                 1 
2015-08-13                                 2 
2015-08-14                                 1 
2015-08-15                                 0 
2015-08-16                                 0 
2015-08-17                                 2 
2015-08-18                                 2 
2015-08-19                                 2 
2015-08-20                                 1 
2015-08-21                                 2 
2015-08-22                                 1 
2015-08-23                                 0 
2015-08-24                                 1 
2015-08-25                                 1 
2015-08-26                                 1 
2015-08-27                                 1 
2015-08-28                                 2 
2015-08-29                                 1 
2015-08-30                                 0 
2015-08-31                                 1 
2015-09-01                                 1 
2015-09-02                                 1 
2015-09-03                                 1 
2015-09-04                                 2 
2015-09-05                                 0 
2015-09-06                                 1 
2015-09-07                                 1 
2015-09-08                                 2 
2015-09-09                                 2 
2015-09-10                                 2 
2015-09-11                                 3 
2015-09-12                                 1 
2015-09-13                                 0 
2015-09-14                                 2 
2015-09-15                                 3 
2015-09-16                                 2 
2015-09-17                                 2 
2015-09-18                                 2 
2015-09-19                                 0 
2015-09-20                                 0 
2015-09-21                                 3 
2015-09-22                                 3 
2015-09-23                                 3 
2015-09-24                                 2 
2015-09-25                                 2 
2015-09-26                                 1 
2015-09-27                                 1 
2015-09-28                                 2 
2015-09-29                                 1 
2015-09-30                                 1 
2015-10-01                                 5 
2015-10-02                                 2 
2015-10-03                                 1 
2015-10-04                                 1 
2015-10-05                                 2 
2015-10-06                                 3 
2015-10-07                                 2 
2015-10-08                                 3 
2015-10-09                                 3 
2015-10-10                                 0 
2015-10-11                                 0 
2015-10-12                                 2 
2015-10-13                                 3 
2015-10-14                                 2 
2015-10-15                                 3 
2015-10-16                                 2 
2015-10-17                                 2 
2015-10-18                                 0 
2015-10-19                                 2 
2015-10-20                                 2 
2015-10-21                                 2 
2015-10-22                                 2 
2015-10-23                                 3 
2015-10-24                                 2 
2015-10-25                                 0 
2015-10-26                                 2 
2015-10-27                                 1 
2015-10-28                                 2 
2015-10-29                                 1 
2015-10-30                                 2 
2015-10-31                                 1 
2015-11-01                                 0 
2015-11-02                                 2 
2015-11-03                                 2 
2015-11-04                                 2 
2015-11-05                                 2 
2015-11-06                                 4 
2015-11-07                                 1 
2015-11-08                                 1 
2015-11-09                                 2 
2015-11-10                                 4 
2015-11-11                                 3 
2015-11-12                                 3 
2015-11-13                                 2 
2015-11-14                                 0 
2015-11-15                                 0 
2015-11-16                                 2 
2015-11-17                                 2 
2015-11-18                                 2 
2015-11-19                                 4 
2015-11-20                                 3 
2015-11-21                                 0 
2015-11-22                                 1 
2015-11-23                                 2 
2015-11-24                                 1 
2015-11-25                                 2 
2015-11-26                                 3 
2015-11-27                                 2 
2015-11-28                                 1 
2015-11-29                                 1 
2015-11-30                                 1 
2015-12-01                                 3 
2015-12-02                                 2 
2015-12-03                                 3 
2015-12-04                                 4 
2015-12-05                                 1 
2015-12-06                                 0 
2015-12-07                                 1 
2015-12-08                                 1 
2015-12-09                                 2 
2015-12-10                                 2 
2015-12-11                                 2 
2015-12-12                                 0 
2015-12-13                                 0 
2015-12-14                                 1 
2015-12-15                                 2 
2015-12-16                                 2 
2015-12-17                                 3 
2015-12-18                                 2 
2015-12-19                                 1 
2015-12-20                                 1 
2015-12-21                                 2 
2015-12-22                                 2 
2015-12-23                                 2 
2015-12-24                                 2 
2015-12-25                                 1 
2015-12-26                                 0 
2015-12-27                                 0 
2015-12-28                                 1 
2015-12-29                                 3 
2015-12-30                                 1 
2015-12-31                                 1 
2016-01-01                                 0 
2016-01-02                                 0 
2016-01-03                                 0 
2016-01-04                                 1 
2016-01-05                                 3 
2016-01-06                                 2 
2016-01-07                                 1 
2016-01-08                                 2 
2016-01-09                                 0 
2016-01-10                                 0 
2016-01-11                                 1 
2016-01-12                                 2 
2016-01-13                                 2 
2016-01-14                                 1 
2016-01-15                                 3 
2016-01-16                                 1 
2016-01-17                                 0 
2016-01-18                                 3 
2016-01-19                                 2 
2016-01-20                                 2 
2016-01-21                                 2 
2016-01-22                                 2 
2016-01-23                                 1 
2016-01-24                                 0 
2016-01-25                                 1 
2016-01-26                                 1 
2016-01-27                                 2 
2016-01-28                                 2 
2016-01-29                                 1 
2016-01-30                                 1 
2016-01-31                                 0 
2016-02-01                                 2 
2016-02-02                                 2 
2016-02-03                                 3 
2016-02-04                                 2 
2016-02-05                                 1 
2016-02-06                                 3 
2016-02-07                                 1 
2016-02-08                                 1 
2016-02-09                                 2 
2016-02-10                                 2 
2016-02-11                                 3 
2016-02-12                                 2 
2016-02-13                                 1 
2016-02-14                                 0 
2016-02-15                                 2 
2016-02-16                                 3 
2016-02-17                                 3 
2016-02-18                                 4 
2016-02-19                                 2 
2016-02-20                                 1 
2016-02-21                                 0 
2016-02-22                                 2 
2016-02-23                                 3 
2016-02-24                                 2 
2016-02-25                                 3 
2016-02-26                                 1 
2016-02-27                                 2 
2016-02-28                                 0 
2016-02-29                                 1 
2016-03-01                                 2 
2016-03-02                                 3 
2016-03-03                                 4 
2016-03-04                                 4 
2016-03-05                                 1 
2016-03-06                                 1 
2016-03-07                                 2 
2016-03-08                                 3 
2016-03-09                                 3 
2016-03-10                                 2 
2016-03-11                                 2 
2016-03-12                                 1 
2016-03-13                                 1 
2016-03-14                                 2 
2016-03-15                                 3 
2016-03-16                                 2 
2016-03-17                                 2 
2016-03-18                                 2 
2016-03-19                                 1 
2016-03-20                                 0 
2016-03-21                                 1 
2016-03-22                                 0 
2016-03-23                                 2 
2016-03-24                                 2 
2016-03-25                                 4 
2016-03-26                                 2 
2016-03-27                                 0 
2016-03-28                                 0 
2016-03-29                                 2 
2016-03-30                                 3 
2016-03-31                                 2 
2016-04-01                                 3 
2016-04-02                                 2 
2016-04-03                                 0 
2016-04-04                                 3 
2016-04-05                                 3 
2016-04-06                                 3 
2016-04-07                                 2 
2016-04-08                                 3 
2016-04-09                                 1 
2016-04-10                                 1 
2016-04-11                                 2 
2016-04-12                                 2 
2016-04-13                                 1 
2016-04-14                                 3 
2016-04-15                                 3 
2016-04-16                                 2 
2016-04-17                                 0 
2016-04-18                                 1 
2016-04-19                                 3 
2016-04-20                                 2 
2016-04-21                                 3 
2016-04-22                                 3 
2016-04-23                                 1 
2016-04-24                                 0 
2016-04-25                                 1 
2016-04-26                                 1 
2016-04-27                                 3 
2016-04-28                                 2 
2016-04-29                                 2 
2016-04-30                                 1 
2016-05-01                                 0 
2016-05-02                                 2 
2016-05-03                                 3 
2016-05-04                                 3 
2016-05-05                                 2 
2016-05-06                                 2 
2016-05-07                                 1 
2016-05-08                                 0 
2016-05-09                                 2 
2016-05-10                                 3 
2016-05-11                                 3 
2016-05-12                                 3 
2016-05-13                                 3 
2016-05-14                                 0 
2016-05-15                                 0 
2016-05-16                                 2 
2016-05-17                                 2 
2016-05-18                                 2 
2016-05-19                                 1 
2016-05-20*                            2.5596 
2016-05-21*                            2.7189 
2016-05-22*                            0.0464 
2016-05-23*                            1.8161 
2016-05-24*                             2.542 
2016-05-25*                            2.1944 
2016-05-26*                            2.2746 
2016-05-27*                            2.3093 
2016-05-28*                            0.9833 
2016-05-29*                            0.2767 

=== Evaluation on training data ===
Target                             1-step-ahead  2-steps-ahead  3-steps-ahead  4-steps-ahead  5-steps-ahead  6-steps-ahead  7-steps-ahead  8-steps-ahead  9-steps-ahead 10-steps-ahead
======================================================================================================================================================================================
Sottoarea_104.Prodotto_2.Vendite
  N                                         505            504            503            502            501            500            499            498            497            496
  Mean absolute error                    0.2648         0.2642         0.2644         0.2649         0.2652         0.2655         0.2651          0.265         0.2651         0.2654
  Mean absolute percentage error        14.5713        14.4782        14.4756        14.5017        14.5117        14.5172        14.5172        14.4788        14.4887         14.492
  Root mean squared error                0.3676         0.3672         0.3675         0.3678         0.3682         0.3685         0.3682         0.3683         0.3686         0.3689
  Mean squared error                     0.1352         0.1348          0.135         0.1353         0.1356         0.1358         0.1356         0.1357         0.1359         0.1361

Total number of instances: 870

