=== Run information ===

Scheme:
	RandomForest -P 100 -I 300 -num-slots 1 -K 0 -M 1.0 -V 0.001 -S 1

Lagged and derived variable options:
	-F [Sottoarea_128.Prodotto_2.Vendite] -L 1 -M 365 -R "30, 60, 90, 365" -G Sottoarea_128.Prodotto_2.Data -dayofweek -weekend

Relation:     Prodotto2_Sottoarea_128-weka.filters.unsupervised.attribute.Remove-R1-6
Instances:    870
Attributes:   4
              Sottoarea_128.Prodotto_2.Data
              Sottoarea_128.Prodotto_2.Day
              Sottoarea_128.Prodotto_2.Season
              Sottoarea_128.Prodotto_2.Vendite

Transformed training data:

              Sottoarea_128.Prodotto_2.Vendite
              DayOfWeek
              Weekend
              Sottoarea_128.Prodotto_2.Data-remapped
              Lag_Sottoarea_128.Prodotto_2.Vendite-30
              Lag_Sottoarea_128.Prodotto_2.Vendite-60
              Lag_Sottoarea_128.Prodotto_2.Vendite-90
              Lag_Sottoarea_128.Prodotto_2.Vendite-365
              Sottoarea_128.Prodotto_2.Data-remapped^2
              Sottoarea_128.Prodotto_2.Data-remapped^3
              Sottoarea_128.Prodotto_2.Data-remapped*Lag_Sottoarea_128.Prodotto_2.Vendite-30
              Sottoarea_128.Prodotto_2.Data-remapped*Lag_Sottoarea_128.Prodotto_2.Vendite-60
              Sottoarea_128.Prodotto_2.Data-remapped*Lag_Sottoarea_128.Prodotto_2.Vendite-90
              Sottoarea_128.Prodotto_2.Data-remapped*Lag_Sottoarea_128.Prodotto_2.Vendite-365

Sottoarea_128.Prodotto_2.Vendite:
RandomForest

Bagging with 300 iterations and base learner

weka.classifiers.trees.RandomTree -K 0 -M 1.0 -V 0.001 -S 1 -do-not-check-capabilities

=== Predictions for training data: Sottoarea_128.Prodotto_2.Vendite (10-steps ahead) ===

      inst#       actual    predicted        error
        375            0       0.1597       0.1597
        376            0       0.0654       0.0654
        377            1       0.9104      -0.0896
        378            0       0.3671       0.3671
        379            1       0.7035      -0.2965
        380            0       0.2077       0.2077
        381            1       0.8709      -0.1291
        382            0       0.0735       0.0735
        383            0       0.0133       0.0133
        384            0       0.2777       0.2777
        385            1       0.8846      -0.1154
        386            0       0.1997       0.1997
        387            0       0.0717       0.0717
        388            1       0.7977      -0.2023
        389            0       0.1382       0.1382
        390            0            0            0
        391            1       0.8457      -0.1543
        392            1       1.0549       0.0549
        393            0       0.2172       0.2172
        394            0       0.2364       0.2364
        395            0        0.343        0.343
        396            0       0.1983       0.1983
        397            0       0.0067       0.0067
        398            0       0.2383       0.2383
        399            1       0.9833      -0.0167
        400            0       0.1527       0.1527
        401            1       0.9233      -0.0767
        402            1       0.8823      -0.1177
        403            0       0.1428       0.1428
        404            0         0.09         0.09
        405            2       1.5182      -0.4818
        406            1       0.9407      -0.0593
        407            1       0.8873      -0.1127
        408            1       0.9336      -0.0664
        409            1       0.9457      -0.0543
        410            1       0.8401      -0.1599
        411            1       0.6347      -0.3653
        412            1       0.9586      -0.0414
        413            1       0.9912      -0.0088
        414            1       0.8976      -0.1024
        415            1       0.8843      -0.1157
        416            2       1.5143      -0.4857
        417            1       0.8635      -0.1365
        418            0       0.1133       0.1133
        419            1       1.0144       0.0144
        420            1       0.9755      -0.0245
        421            0       0.2486       0.2486
        422            1       0.8761      -0.1239
        423            1       0.9399      -0.0601
        424            1       0.7784      -0.2216
        425            0       0.0851       0.0851
        426            1       0.9486      -0.0514
        427            1       0.9273      -0.0727
        428            1       0.9035      -0.0965
        429            1       0.9172      -0.0828
        430            0       0.3645       0.3645
        431            1       0.6897      -0.3103
        432            0       0.0484       0.0484
        433            0       0.1328       0.1328
        434            1       1.0148       0.0148
        435            1       0.8991      -0.1009
        436            1       0.8305      -0.1695
        437            1       1.0082       0.0082
        438            0       0.2419       0.2419
        439            0       0.0151       0.0151
        440            1        0.924       -0.076
        441            3       2.1261      -0.8739
        442            1       0.8879      -0.1121
        443            0       0.2568       0.2568
        444            1       0.9633      -0.0367
        445            0       0.1627       0.1627
        446            0       0.0951       0.0951
        447            1       0.8433      -0.1567
        448            0       0.1444       0.1444
        449            0       0.1788       0.1788
        450            0       0.1839       0.1839
        451            1       0.7677      -0.2323
        452            0       0.1401       0.1401
        453            0         0.05         0.05
        454            0       0.3985       0.3985
        455            0       0.3777       0.3777
        456            0       0.2018       0.2018
        457            0       0.2325       0.2325
        458            1         0.95        -0.05
        459            1       0.6952      -0.3048
        460            1       0.6651      -0.3349
        461            0       0.2688       0.2688
        462            0       0.2456       0.2456
        463            1       0.8144      -0.1856
        464            1       0.7321      -0.2679
        465            0       0.4916       0.4916
        466            0       0.1211       0.1211
        467            0       0.1025       0.1025
        468            1       0.6433      -0.3567
        469            1       0.7236      -0.2764
        470            0       0.0912       0.0912
        471            1       0.9087      -0.0913
        472            1       0.8611      -0.1389
        473            0       0.0367       0.0367
        474            0       0.0033       0.0033
        475            0       0.1433       0.1433
        476            1       0.8497      -0.1503
        477            0       0.0879       0.0879
        478            1       0.9428      -0.0572
        479            1       0.8595      -0.1405
        480            0       0.0267       0.0267
        481            0       0.0485       0.0485
        482            0       0.1641       0.1641
        483            0       0.2267       0.2267
        484            0       0.2962       0.2962
        485            1       0.9158      -0.0842
        486            0        0.226        0.226
        487            0         0.03         0.03
        488            0            0            0
        489            1       0.8109      -0.1891
        490            1       0.9838      -0.0162
        491            1       0.7641      -0.2359
        492            1       0.9874      -0.0126
        493            1        0.946       -0.054
        494            0       0.0914       0.0914
        495            0       0.0823       0.0823
        496            1       0.9199      -0.0801
        497            1       0.9333      -0.0667
        498            1       0.8693      -0.1307
        499            1       0.9447      -0.0553
        500            0       0.1792       0.1792
        501            0       0.1232       0.1232
        502            0       0.0133       0.0133
        503            1        0.896       -0.104
        504            1       0.9122      -0.0878
        505            0       0.3313       0.3313
        506            0       0.3138       0.3138
        507            0       0.3228       0.3228
        508            1       0.6635      -0.3365
        509            0       0.0133       0.0133
        510            1        0.905       -0.095
        511            1       0.7298      -0.2702
        512            1       0.7558      -0.2442
        513            1       0.9728      -0.0272
        514            1       0.8767      -0.1233
        515            0       0.0976       0.0976
        516            0         0.02         0.02
        517            0       0.3456       0.3456
        518            0       0.3535       0.3535
        519            1       1.0873       0.0873
        520            1       0.9887      -0.0113
        521            1       0.9433      -0.0567
        522            0       0.0892       0.0892
        523            0         0.04         0.04
        524            1       0.8042      -0.1958
        525            1       0.8522      -0.1478
        526            2       1.6029      -0.3971
        527            2       1.4332      -0.5668
        528            1       0.9762      -0.0238
        529            1       0.6015      -0.3985
        530            0       0.0133       0.0133
        531            2       1.5206      -0.4794
        532            1       0.8615      -0.1385
        533            1       0.8678      -0.1322
        534            0       0.4062       0.4062
        535            1       0.8157      -0.1843
        536            0       0.0897       0.0897
        537            0       0.0067       0.0067
        538            1       0.7217      -0.2783
        539            0       0.2467       0.2467
        540            0       0.3237       0.3237
        541            0       0.2196       0.2196
        542            1       0.9716      -0.0284
        543            0       0.0154       0.0154
        544            0            0            0
        545            0       0.1519       0.1519
        546            0       0.2181       0.2181
        547            0       0.0776       0.0776
        548            1       0.8107      -0.1893
        549            1       0.9403      -0.0597
        550            0         0.05         0.05
        551            0       0.0033       0.0033
        552            0       0.1848       0.1848
        553            2       1.5379      -0.4621
        554            1       0.7792      -0.2208
        555            1       0.8289      -0.1711
        556            1       0.8001      -0.1999
        557            0       0.0233       0.0233
        558            0           -0           -0
        559            1       0.9524      -0.0476
        560            1         0.73        -0.27
        561            0       0.2133       0.2133
        562            1        0.735       -0.265
        563            1       0.8566      -0.1434
        564            0       0.0167       0.0167
        565            0       0.0033       0.0033
        566            1       0.7117      -0.2883
        567            0       0.2667       0.2667
        568            0       0.2454       0.2454
        569            0        0.155        0.155
        570            0        0.223        0.223
        571            0       0.0333       0.0333
        572            0       0.0033       0.0033
        573            1       0.7691      -0.2309
        574            1       0.6526      -0.3474
        575            0       0.0333       0.0333
        576            0       0.0798       0.0798
        577            1       0.8511      -0.1489
        578            0            0            0
        579            0           -0           -0
        580            0       0.2691       0.2691
        581            0       0.0675       0.0675
        582            0       0.0433       0.0433
        583            0       0.1625       0.1625
        584            0       0.2491       0.2491
        585            0         0.03         0.03
        586            0       0.0039       0.0039
        587            1       0.8372      -0.1628
        588            0       0.0275       0.0275
        589            1        0.624       -0.376
        590            0        0.185        0.185
        591            0        0.216        0.216
        592            0         0.03         0.03
        593            0            0            0
        594            0       0.0668       0.0668
        595            0       0.1483       0.1483
        596            0       0.1193       0.1193
        597            0        0.191        0.191
        598            1       0.7611      -0.2389
        599            0       0.0267       0.0267
        600            0       0.0167       0.0167
        601            0       0.0534       0.0534
        602            0       0.0606       0.0606
        603            0       0.1938       0.1938
        604            0       0.1406       0.1406
        605            0         0.08         0.08
        606            0         0.03         0.03
        607            0            0            0
        608            1       0.8256      -0.1744
        609            0        0.093        0.093
        610            0       0.0646       0.0646
        611            0        0.209        0.209
        612            0       0.0717       0.0717
        613            0       0.1881       0.1881
        614            0       0.0233       0.0233
        615            0       0.2933       0.2933
        616            1       0.8504      -0.1496
        617            1       0.8666      -0.1334
        618            1         0.84        -0.16
        619            2       1.6942      -0.3058
        620            1        0.613       -0.387
        621            1       0.6607      -0.3393
        622            1       0.7917      -0.2083
        623            1       0.9318      -0.0682
        624            0        0.114        0.114
        625            1       0.9433      -0.0567
        626            2       1.5201      -0.4799
        627            0       0.2477       0.2477
        628            0       0.0275       0.0275
        629            1       0.7283      -0.2717
        630            0       0.2846       0.2846
        631            0        0.104        0.104
        632            1       0.9111      -0.0889
        633            1       1.0825       0.0825
        634            0       0.2063       0.2063
        635            0       0.0267       0.0267
        636            0       0.2533       0.2533
        637            1       0.8893      -0.1107
        638            0       0.2675       0.2675
        639            1       0.9433      -0.0567
        640            0       0.2367       0.2367
        641            1        0.683       -0.317
        642            0       0.0491       0.0491
        643            1       0.9147      -0.0853
        644            1       0.9519      -0.0481
        645            1       0.7133      -0.2867
        646            1       0.7883      -0.2117
        647            1       1.0169       0.0169
        648            0       0.0233       0.0233
        649            0       0.0209       0.0209
        650            1        0.814       -0.186
        651            1       1.0779       0.0779
        652            1        0.807       -0.193
        653            0       0.2483       0.2483
        654            1       0.9667      -0.0333
        655            0       0.0133       0.0133
        656            0        0.052        0.052
        657            0       0.1278       0.1278
        658            0       0.3781       0.3781
        659            0       0.3546       0.3546
        660            0       0.1917       0.1917
        661            1       0.9734      -0.0266
        662            0         0.01         0.01
        663            0         0.02         0.02
        664            1       0.7988      -0.2012
        665            1       0.8671      -0.1329
        666            1       0.8328      -0.1672
        667            0       0.1433       0.1433
        668            1       1.0033       0.0033
        669            0       0.0557       0.0557
        670            0       0.0133       0.0133
        671            0       0.2522       0.2522
        672            1       0.9404      -0.0596
        673            1       0.8029      -0.1971
        674            1       0.9036      -0.0964
        675            1       0.9863      -0.0137
        676            1       0.6295      -0.3705
        677            0       0.0748       0.0748
        678            1       0.9225      -0.0775
        679            1       0.9167      -0.0833
        680            1       0.9598      -0.0402
        681            1       1.1457       0.1457
        682            1       0.9833      -0.0167
        683            0       0.1223       0.1223
        684            0       0.0701       0.0701
        685            1         0.76        -0.24
        686            1       0.9281      -0.0719
        687            1       0.9661      -0.0339
        688            1       0.8439      -0.1561
        689            1       0.9538      -0.0462
        690            0       0.1167       0.1167
        691            0         0.04         0.04
        692            0       0.3167       0.3167
        693            1       0.7796      -0.2204
        694            1       0.9607      -0.0393
        695            1       1.0133       0.0133
        696            1       0.9352      -0.0648
        697            0        0.111        0.111
        698            1       0.6537      -0.3463
        699            1       0.7833      -0.2167
        700            1       0.9038      -0.0962
        701            1       0.9648      -0.0352
        702            1         1.03         0.03
        703            1       0.9867      -0.0133
        704            0         0.03         0.03
        705            0       0.0167       0.0167
        706            1       0.9074      -0.0926
        707            0       0.2041       0.2041
        708            1       0.7716      -0.2284
        709            2       1.3403      -0.6597
        710            1       0.9882      -0.0118
        711            0       0.0203       0.0203
        712            0       0.0733       0.0733
        713            0       0.2308       0.2308
        714            0       0.0867       0.0867
        715            0       0.3432       0.3432
        716            0       0.5115       0.5115
        717            1       0.8695      -0.1305
        718            0       0.0267       0.0267
        719            0       0.0967       0.0967
        720            1       0.6924      -0.3076
        721            0       0.1167       0.1167
        722            1       0.8163      -0.1837
        723            1        0.776       -0.224
        724            0       0.3314       0.3314
        725            0         0.01         0.01
        726            0            0            0
        727            0        0.276        0.276
        728            1       0.8958      -0.1042
        729            0       0.3243       0.3243
        730            1       0.9002      -0.0998
        731            0       0.3538       0.3538
        732            0       0.0067       0.0067
        733            0            0            0
        734            1         0.89        -0.11
        735            1       0.8864      -0.1136
        736            0       0.2192       0.2192
        737            0       0.1735       0.1735
        738            1       0.9148      -0.0852
        739            0       0.0699       0.0699
        740            0            0            0
        741            1         0.87        -0.13
        742            1       0.8765      -0.1235
        743            0       0.2629       0.2629
        744            0       0.1809       0.1809
        745            1       0.9666      -0.0334
        746            1       0.8361      -0.1639
        747            0       0.0033       0.0033
        748            0         0.22         0.22
        749            0       0.1667       0.1667
        750            1       1.0486       0.0486
        751            1       0.8705      -0.1295
        752            1       0.8833      -0.1167
        753            0       0.1066       0.1066
        754            0       0.0233       0.0233
        755            0       0.3168       0.3168
        756            0       0.4207       0.4207
        757            2       1.5601      -0.4399
        758            1        0.999       -0.001
        759            1       0.9832      -0.0168
        760            0         0.13         0.13
        761            0       0.0733       0.0733
        762            1       0.7633      -0.2367
        763            1        0.878       -0.122
        764            1       1.0787       0.0787
        765            0       0.2834       0.2834
        766            1       0.9859      -0.0141
        767            3       2.1535      -0.8465
        768            0         0.01         0.01
        769            0       0.2571       0.2571
        770            1       0.9811      -0.0189
        771            1       1.1069       0.1069
        772            0       0.3037       0.3037
        773            1       0.9639      -0.0361
        774            0       0.8557       0.8557
        775            0       0.0298       0.0298
        776            1       0.8958      -0.1042
        777            1       1.0261       0.0261
        778            2       1.7072      -0.2928
        779            2       1.3348      -0.6652
        780            1       0.9303      -0.0697
        781            0       0.0367       0.0367
        782            0       0.0153       0.0153
        783            0         0.31         0.31
        784            1       1.0176       0.0176
        785            1       1.2728       0.2728
        786            1       0.9671      -0.0329
        787            0       0.2008       0.2008
        788            0       0.0656       0.0656
        789            0       0.0247       0.0247
        790            1         0.77        -0.23
        791            1       1.1109       0.1109
        792            3       2.2257      -0.7743
        793            0        0.533        0.533
        794            1       0.7645      -0.2355
        795            1       0.8096      -0.1904
        796            0       0.0431       0.0431
        797            1        0.772       -0.228
        798            3       2.1902      -0.8098
        799            1       1.2034       0.2034
        800            1       0.8696      -0.1304
        801            0       0.3675       0.3675
        802            1         0.75        -0.25
        803            0       0.0133       0.0133
        804            0       0.2267       0.2267
        805            1        0.934       -0.066
        806            1       0.9409      -0.0591
        807            1       0.9063      -0.0937
        808            0         0.19         0.19
        809            0       0.0201       0.0201
        810            0            0            0
        811            0       0.0633       0.0633
        812            1       1.1603       0.1603
        813            0       0.1635       0.1635
        814            0       0.3334       0.3334
        815            1       0.8467      -0.1533
        816            0         0.01         0.01
        817            0         0.01         0.01
        818            0       0.2602       0.2602
        819            1         0.74        -0.26
        820            0       0.2539       0.2539
        821            1       0.7334      -0.2666
        822            0       0.1902       0.1902
        823            0       0.1313       0.1313
        824            0       0.0108       0.0108
        825            1       0.9448      -0.0552
        826            0       0.2968       0.2968
        827            1       0.8451      -0.1549
        828            0       0.2663       0.2663
        829            1       0.8766      -0.1234
        830            0       0.0599       0.0599
        831            0           -0           -0
        832            1       0.9261      -0.0739
        833            0       0.3299       0.3299
        834            0       0.4273       0.4273
        835            1       0.9717      -0.0283
        836            1       0.7896      -0.2104
        837            0         0.01         0.01
        838            0       0.0033       0.0033
        839            0       0.0511       0.0511
        840            1       0.9729      -0.0271
        841            1       0.9005      -0.0995
        842            1       0.9817      -0.0183
        843            1       0.8856      -0.1144
        844            0       0.0417       0.0417
        845            0            0            0
        846            0       0.0667       0.0667
        847            0       0.3823       0.3823
        848            0       0.1366       0.1366
        849            1       0.9583      -0.0417
        850            1       0.8321      -0.1679
        851            0       0.1232       0.1232
        852            0       0.0097       0.0097
        853            1       0.8058      -0.1942
        854            1       0.9284      -0.0716
        855            1       0.7346      -0.2654
        856            0       0.3406       0.3406
        857            0       0.2506       0.2506
        858            0       0.0618       0.0618
        859            0         0.05         0.05
        860            1         0.71        -0.29
        861            1       0.9665      -0.0335
        862            0        0.319        0.319
        863            1       0.7707      -0.2293
        864            0       0.3516       0.3516
        865            1       0.6629      -0.3371
        866            0       0.0795       0.0795
        867            0        0.295        0.295
        868            1       0.9276      -0.0724
        869            1       0.8697      -0.1303
        870            1       0.9327      -0.0673
        871            ?       0.6733            ?
        872            ?       0.6262            ?
        873            ?       0.1397            ?
        874            ?       0.5887            ?
        875            ?       0.8867            ?
        876            ?        0.863            ?
        877            ?       0.5855            ?
        878            ?       0.3683            ?
        879            ?        0.483            ?

=== Future predictions from end of training data ===
Time        Sottoarea_128.Prodotto_2.Vendite 
2014-01-01                                 0 
2014-01-02                                 0 
2014-01-03                                 0 
2014-01-04                                 0 
2014-01-05                                 0 
2014-01-06                                 0 
2014-01-07                                 0 
2014-01-08                                 0 
2014-01-09                                 0 
2014-01-10                                 1 
2014-01-11                                 0 
2014-01-12                                 0 
2014-01-13                                 0 
2014-01-14                                 0 
2014-01-15                                 1 
2014-01-16                                 1 
2014-01-17                                 1 
2014-01-18                                 0 
2014-01-19                                 0 
2014-01-20                                 2 
2014-01-21                                 1 
2014-01-22                                 0 
2014-01-23                                 0 
2014-01-24                                 0 
2014-01-25                                 0 
2014-01-26                                 0 
2014-01-27                                 0 
2014-01-28                                 0 
2014-01-29                                 0 
2014-01-30                                 0 
2014-01-31                                 0 
2014-02-01                                 0 
2014-02-02                                 0 
2014-02-03                                 0 
2014-02-04                                 0 
2014-02-05                                 0 
2014-02-06                                 0 
2014-02-07                                 2 
2014-02-08                                 0 
2014-02-09                                 0 
2014-02-10                                 0 
2014-02-11                                 1 
2014-02-12                                 1 
2014-02-13                                 0 
2014-02-14                                 0 
2014-02-15                                 1 
2014-02-16                                 0 
2014-02-17                                 1 
2014-02-18                                 1 
2014-02-19                                 1 
2014-02-20                                 1 
2014-02-21                                 0 
2014-02-22                                 0 
2014-02-23                                 0 
2014-02-24                                 1 
2014-02-25                                 1 
2014-02-26                                 0 
2014-02-27                                 0 
2014-02-28                                 1 
2014-03-01                                 0 
2014-03-02                                 0 
2014-03-03                                 0 
2014-03-04                                 2 
2014-03-05                                 0 
2014-03-06                                 0 
2014-03-07                                 0 
2014-03-08                                 0 
2014-03-09                                 0 
2014-03-10                                 1 
2014-03-11                                 1 
2014-03-12                                 0 
2014-03-13                                 1 
2014-03-14                                 0 
2014-03-15                                 0 
2014-03-16                                 0 
2014-03-17                                 1 
2014-03-18                                 1 
2014-03-19                                 0 
2014-03-20                                 0 
2014-03-21                                 0 
2014-03-22                                 0 
2014-03-23                                 0 
2014-03-24                                 0 
2014-03-25                                 0 
2014-03-26                                 0 
2014-03-27                                 0 
2014-03-28                                 0 
2014-03-29                                 0 
2014-03-30                                 0 
2014-03-31                                 1 
2014-04-01                                 0 
2014-04-02                                 1 
2014-04-03                                 0 
2014-04-04                                 0 
2014-04-05                                 0 
2014-04-06                                 0 
2014-04-07                                 0 
2014-04-08                                 1 
2014-04-09                                 0 
2014-04-10                                 1 
2014-04-11                                 1 
2014-04-12                                 1 
2014-04-13                                 0 
2014-04-14                                 0 
2014-04-15                                 0 
2014-04-16                                 1 
2014-04-17                                 0 
2014-04-18                                 1 
2014-04-19                                 0 
2014-04-20                                 0 
2014-04-21                                 0 
2014-04-22                                 0 
2014-04-23                                 0 
2014-04-24                                 1 
2014-04-25                                 1 
2014-04-26                                 0 
2014-04-27                                 0 
2014-04-28                                 0 
2014-04-29                                 1 
2014-04-30                                 1 
2014-05-01                                 0 
2014-05-02                                 1 
2014-05-03                                 0 
2014-05-04                                 0 
2014-05-05                                 0 
2014-05-06                                 0 
2014-05-07                                 1 
2014-05-08                                 1 
2014-05-09                                 1 
2014-05-10                                 0 
2014-05-11                                 1 
2014-05-12                                 0 
2014-05-13                                 1 
2014-05-14                                 1 
2014-05-15                                 0 
2014-05-16                                 0 
2014-05-17                                 0 
2014-05-18                                 0 
2014-05-19                                 0 
2014-05-20                                 0 
2014-05-21                                 0 
2014-05-22                                 1 
2014-05-23                                 1 
2014-05-24                                 0 
2014-05-25                                 0 
2014-05-26                                 0 
2014-05-27                                 0 
2014-05-28                                 0 
2014-05-29                                 0 
2014-05-30                                 1 
2014-05-31                                 0 
2014-06-01                                 0 
2014-06-02                                 0 
2014-06-03                                 0 
2014-06-04                                 0 
2014-06-05                                 1 
2014-06-06                                 1 
2014-06-07                                 0 
2014-06-08                                 0 
2014-06-09                                 0 
2014-06-10                                 0 
2014-06-11                                 0 
2014-06-12                                 0 
2014-06-13                                 0 
2014-06-14                                 0 
2014-06-15                                 1 
2014-06-16                                 0 
2014-06-17                                 0 
2014-06-18                                 0 
2014-06-19                                 0 
2014-06-20                                 0 
2014-06-21                                 0 
2014-06-22                                 0 
2014-06-23                                 0 
2014-06-24                                 0 
2014-06-25                                 0 
2014-06-26                                 1 
2014-06-27                                 0 
2014-06-28                                 0 
2014-06-29                                 0 
2014-06-30                                 0 
2014-07-01                                 0 
2014-07-02                                 1 
2014-07-03                                 0 
2014-07-04                                 0 
2014-07-05                                 0 
2014-07-06                                 0 
2014-07-07                                 0 
2014-07-08                                 0 
2014-07-09                                 0 
2014-07-10                                 0 
2014-07-11                                 1 
2014-07-12                                 0 
2014-07-13                                 1 
2014-07-14                                 0 
2014-07-15                                 1 
2014-07-16                                 0 
2014-07-17                                 0 
2014-07-18                                 1 
2014-07-19                                 1 
2014-07-20                                 0 
2014-07-21                                 0 
2014-07-22                                 0 
2014-07-23                                 0 
2014-07-24                                 0 
2014-07-25                                 0 
2014-07-26                                 1 
2014-07-27                                 0 
2014-07-28                                 0 
2014-07-29                                 0 
2014-07-30                                 0 
2014-07-31                                 1 
2014-08-01                                 0 
2014-08-02                                 1 
2014-08-03                                 0 
2014-08-04                                 0 
2014-08-05                                 0 
2014-08-06                                 1 
2014-08-07                                 0 
2014-08-08                                 0 
2014-08-09                                 1 
2014-08-10                                 0 
2014-08-11                                 0 
2014-08-12                                 0 
2014-08-13                                 0 
2014-08-14                                 0 
2014-08-15                                 0 
2014-08-16                                 0 
2014-08-17                                 0 
2014-08-18                                 0 
2014-08-19                                 0 
2014-08-20                                 1 
2014-08-21                                 0 
2014-08-22                                 0 
2014-08-23                                 0 
2014-08-24                                 0 
2014-08-25                                 0 
2014-08-26                                 1 
2014-08-27                                 0 
2014-08-28                                 0 
2014-08-29                                 0 
2014-08-30                                 0 
2014-08-31                                 0 
2014-09-01                                 0 
2014-09-02                                 0 
2014-09-03                                 0 
2014-09-04                                 0 
2014-09-05                                 0 
2014-09-06                                 0 
2014-09-07                                 0 
2014-09-08                                 0 
2014-09-09                                 1 
2014-09-10                                 0 
2014-09-11                                 1 
2014-09-12                                 0 
2014-09-13                                 0 
2014-09-14                                 0 
2014-09-15                                 1 
2014-09-16                                 1 
2014-09-17                                 0 
2014-09-18                                 0 
2014-09-19                                 1 
2014-09-20                                 1 
2014-09-21                                 0 
2014-09-22                                 0 
2014-09-23                                 1 
2014-09-24                                 1 
2014-09-25                                 1 
2014-09-26                                 0 
2014-09-27                                 0 
2014-09-28                                 0 
2014-09-29                                 1 
2014-09-30                                 0 
2014-10-01                                 0 
2014-10-02                                 0 
2014-10-03                                 1 
2014-10-04                                 1 
2014-10-05                                 0 
2014-10-06                                 1 
2014-10-07                                 0 
2014-10-08                                 0 
2014-10-09                                 1 
2014-10-10                                 0 
2014-10-11                                 0 
2014-10-12                                 0 
2014-10-13                                 1 
2014-10-14                                 2 
2014-10-15                                 0 
2014-10-16                                 1 
2014-10-17                                 0 
2014-10-18                                 1 
2014-10-19                                 0 
2014-10-20                                 0 
2014-10-21                                 1 
2014-10-22                                 0 
2014-10-23                                 1 
2014-10-24                                 1 
2014-10-25                                 0 
2014-10-26                                 2 
2014-10-27                                 0 
2014-10-28                                 1 
2014-10-29                                 0 
2014-10-30                                 1 
2014-10-31                                 1 
2014-11-01                                 0 
2014-11-02                                 0 
2014-11-03                                 0 
2014-11-04                                 0 
2014-11-05                                 3 
2014-11-06                                 1 
2014-11-07                                 0 
2014-11-08                                 3 
2014-11-09                                 1 
2014-11-10                                 0 
2014-11-11                                 2 
2014-11-12                                 1 
2014-11-13                                 0 
2014-11-14                                 1 
2014-11-15                                 1 
2014-11-16                                 0 
2014-11-17                                 0 
2014-11-18                                 1 
2014-11-19                                 1 
2014-11-20                                 0 
2014-11-21                                 0 
2014-11-22                                 0 
2014-11-23                                 0 
2014-11-24                                 0 
2014-11-25                                 2 
2014-11-26                                 1 
2014-11-27                                 2 
2014-11-28                                 2 
2014-11-29                                 1 
2014-11-30                                 0 
2014-12-01                                 0 
2014-12-02                                 1 
2014-12-03                                 1 
2014-12-04                                 1 
2014-12-05                                 0 
2014-12-06                                 0 
2014-12-07                                 0 
2014-12-08                                 0 
2014-12-09                                 0 
2014-12-10                                 1 
2014-12-11                                 1 
2014-12-12                                 0 
2014-12-13                                 1 
2014-12-14                                 0 
2014-12-15                                 0 
2014-12-16                                 1 
2014-12-17                                 1 
2014-12-18                                 0 
2014-12-19                                 1 
2014-12-20                                 0 
2014-12-21                                 0 
2014-12-22                                 0 
2014-12-23                                 1 
2014-12-24                                 0 
2014-12-25                                 6 
2014-12-26                                 0 
2014-12-27                                 0 
2014-12-28                                 1 
2014-12-29                                 0 
2014-12-30                                 2 
2014-12-31                                 1 
2015-01-01                                 0 
2015-01-02                                 0 
2015-01-03                                 0 
2015-01-04                                 0 
2015-01-05                                 1 
2015-01-06                                 0 
2015-01-07                                 1 
2015-01-08                                 1 
2015-01-09                                 1 
2015-01-10                                 0 
2015-01-11                                 0 
2015-01-12                                 1 
2015-01-13                                 0 
2015-01-14                                 1 
2015-01-15                                 0 
2015-01-16                                 1 
2015-01-17                                 0 
2015-01-18                                 0 
2015-01-19                                 0 
2015-01-20                                 1 
2015-01-21                                 0 
2015-01-22                                 0 
2015-01-23                                 1 
2015-01-24                                 0 
2015-01-25                                 0 
2015-01-26                                 1 
2015-01-27                                 1 
2015-01-28                                 0 
2015-01-29                                 0 
2015-01-30                                 0 
2015-01-31                                 0 
2015-02-01                                 0 
2015-02-02                                 0 
2015-02-03                                 1 
2015-02-04                                 0 
2015-02-05                                 1 
2015-02-06                                 1 
2015-02-07                                 0 
2015-02-08                                 0 
2015-02-09                                 2 
2015-02-10                                 1 
2015-02-11                                 1 
2015-02-12                                 1 
2015-02-13                                 1 
2015-02-14                                 1 
2015-02-15                                 1 
2015-02-16                                 1 
2015-02-17                                 1 
2015-02-18                                 1 
2015-02-19                                 1 
2015-02-20                                 2 
2015-02-21                                 1 
2015-02-22                                 0 
2015-02-23                                 1 
2015-02-24                                 1 
2015-02-25                                 0 
2015-02-26                                 1 
2015-02-27                                 1 
2015-02-28                                 1 
2015-03-01                                 0 
2015-03-02                                 1 
2015-03-03                                 1 
2015-03-04                                 1 
2015-03-05                                 1 
2015-03-06                                 0 
2015-03-07                                 1 
2015-03-08                                 0 
2015-03-09                                 0 
2015-03-10                                 1 
2015-03-11                                 1 
2015-03-12                                 1 
2015-03-13                                 1 
2015-03-14                                 0 
2015-03-15                                 0 
2015-03-16                                 1 
2015-03-17                                 3 
2015-03-18                                 1 
2015-03-19                                 0 
2015-03-20                                 1 
2015-03-21                                 0 
2015-03-22                                 0 
2015-03-23                                 1 
2015-03-24                                 0 
2015-03-25                                 0 
2015-03-26                                 0 
2015-03-27                                 1 
2015-03-28                                 0 
2015-03-29                                 0 
2015-03-30                                 0 
2015-03-31                                 0 
2015-04-01                                 0 
2015-04-02                                 0 
2015-04-03                                 1 
2015-04-04                                 1 
2015-04-05                                 1 
2015-04-06                                 0 
2015-04-07                                 0 
2015-04-08                                 1 
2015-04-09                                 1 
2015-04-10                                 0 
2015-04-11                                 0 
2015-04-12                                 0 
2015-04-13                                 1 
2015-04-14                                 1 
2015-04-15                                 0 
2015-04-16                                 1 
2015-04-17                                 1 
2015-04-18                                 0 
2015-04-19                                 0 
2015-04-20                                 0 
2015-04-21                                 1 
2015-04-22                                 0 
2015-04-23                                 1 
2015-04-24                                 1 
2015-04-25                                 0 
2015-04-26                                 0 
2015-04-27                                 0 
2015-04-28                                 0 
2015-04-29                                 0 
2015-04-30                                 1 
2015-05-01                                 0 
2015-05-02                                 0 
2015-05-03                                 0 
2015-05-04                                 1 
2015-05-05                                 1 
2015-05-06                                 1 
2015-05-07                                 1 
2015-05-08                                 1 
2015-05-09                                 0 
2015-05-10                                 0 
2015-05-11                                 1 
2015-05-12                                 1 
2015-05-13                                 1 
2015-05-14                                 1 
2015-05-15                                 0 
2015-05-16                                 0 
2015-05-17                                 0 
2015-05-18                                 1 
2015-05-19                                 1 
2015-05-20                                 0 
2015-05-21                                 0 
2015-05-22                                 0 
2015-05-23                                 1 
2015-05-24                                 0 
2015-05-25                                 1 
2015-05-26                                 1 
2015-05-27                                 1 
2015-05-28                                 1 
2015-05-29                                 1 
2015-05-30                                 0 
2015-05-31                                 0 
2015-06-01                                 0 
2015-06-02                                 0 
2015-06-03                                 1 
2015-06-04                                 1 
2015-06-05                                 1 
2015-06-06                                 0 
2015-06-07                                 0 
2015-06-08                                 1 
2015-06-09                                 1 
2015-06-10                                 2 
2015-06-11                                 2 
2015-06-12                                 1 
2015-06-13                                 1 
2015-06-14                                 0 
2015-06-15                                 2 
2015-06-16                                 1 
2015-06-17                                 1 
2015-06-18                                 0 
2015-06-19                                 1 
2015-06-20                                 0 
2015-06-21                                 0 
2015-06-22                                 1 
2015-06-23                                 0 
2015-06-24                                 0 
2015-06-25                                 0 
2015-06-26                                 1 
2015-06-27                                 0 
2015-06-28                                 0 
2015-06-29                                 0 
2015-06-30                                 0 
2015-07-01                                 0 
2015-07-02                                 1 
2015-07-03                                 1 
2015-07-04                                 0 
2015-07-05                                 0 
2015-07-06                                 0 
2015-07-07                                 2 
2015-07-08                                 1 
2015-07-09                                 1 
2015-07-10                                 1 
2015-07-11                                 0 
2015-07-12                                 0 
2015-07-13                                 1 
2015-07-14                                 1 
2015-07-15                                 0 
2015-07-16                                 1 
2015-07-17                                 1 
2015-07-18                                 0 
2015-07-19                                 0 
2015-07-20                                 1 
2015-07-21                                 0 
2015-07-22                                 0 
2015-07-23                                 0 
2015-07-24                                 0 
2015-07-25                                 0 
2015-07-26                                 0 
2015-07-27                                 1 
2015-07-28                                 1 
2015-07-29                                 0 
2015-07-30                                 0 
2015-07-31                                 1 
2015-08-01                                 0 
2015-08-02                                 0 
2015-08-03                                 0 
2015-08-04                                 0 
2015-08-05                                 0 
2015-08-06                                 0 
2015-08-07                                 0 
2015-08-08                                 0 
2015-08-09                                 0 
2015-08-10                                 1 
2015-08-11                                 0 
2015-08-12                                 1 
2015-08-13                                 0 
2015-08-14                                 0 
2015-08-15                                 0 
2015-08-16                                 0 
2015-08-17                                 0 
2015-08-18                                 0 
2015-08-19                                 0 
2015-08-20                                 0 
2015-08-21                                 1 
2015-08-22                                 0 
2015-08-23                                 0 
2015-08-24                                 0 
2015-08-25                                 0 
2015-08-26                                 0 
2015-08-27                                 0 
2015-08-28                                 0 
2015-08-29                                 0 
2015-08-30                                 0 
2015-08-31                                 1 
2015-09-01                                 0 
2015-09-02                                 0 
2015-09-03                                 0 
2015-09-04                                 0 
2015-09-05                                 0 
2015-09-06                                 0 
2015-09-07                                 0 
2015-09-08                                 1 
2015-09-09                                 1 
2015-09-10                                 1 
2015-09-11                                 2 
2015-09-12                                 1 
2015-09-13                                 1 
2015-09-14                                 1 
2015-09-15                                 1 
2015-09-16                                 0 
2015-09-17                                 1 
2015-09-18                                 2 
2015-09-19                                 0 
2015-09-20                                 0 
2015-09-21                                 1 
2015-09-22                                 0 
2015-09-23                                 0 
2015-09-24                                 1 
2015-09-25                                 1 
2015-09-26                                 0 
2015-09-27                                 0 
2015-09-28                                 0 
2015-09-29                                 1 
2015-09-30                                 0 
2015-10-01                                 1 
2015-10-02                                 0 
2015-10-03                                 1 
2015-10-04                                 0 
2015-10-05                                 1 
2015-10-06                                 1 
2015-10-07                                 1 
2015-10-08                                 1 
2015-10-09                                 1 
2015-10-10                                 0 
2015-10-11                                 0 
2015-10-12                                 1 
2015-10-13                                 1 
2015-10-14                                 1 
2015-10-15                                 0 
2015-10-16                                 1 
2015-10-17                                 0 
2015-10-18                                 0 
2015-10-19                                 0 
2015-10-20                                 0 
2015-10-21                                 0 
2015-10-22                                 0 
2015-10-23                                 1 
2015-10-24                                 0 
2015-10-25                                 0 
2015-10-26                                 1 
2015-10-27                                 1 
2015-10-28                                 1 
2015-10-29                                 0 
2015-10-30                                 1 
2015-10-31                                 0 
2015-11-01                                 0 
2015-11-02                                 0 
2015-11-03                                 1 
2015-11-04                                 1 
2015-11-05                                 1 
2015-11-06                                 1 
2015-11-07                                 1 
2015-11-08                                 0 
2015-11-09                                 1 
2015-11-10                                 1 
2015-11-11                                 1 
2015-11-12                                 1 
2015-11-13                                 1 
2015-11-14                                 0 
2015-11-15                                 0 
2015-11-16                                 1 
2015-11-17                                 1 
2015-11-18                                 1 
2015-11-19                                 1 
2015-11-20                                 1 
2015-11-21                                 0 
2015-11-22                                 0 
2015-11-23                                 0 
2015-11-24                                 1 
2015-11-25                                 1 
2015-11-26                                 1 
2015-11-27                                 1 
2015-11-28                                 0 
2015-11-29                                 1 
2015-11-30                                 1 
2015-12-01                                 1 
2015-12-02                                 1 
2015-12-03                                 1 
2015-12-04                                 1 
2015-12-05                                 0 
2015-12-06                                 0 
2015-12-07                                 1 
2015-12-08                                 0 
2015-12-09                                 1 
2015-12-10                                 2 
2015-12-11                                 1 
2015-12-12                                 0 
2015-12-13                                 0 
2015-12-14                                 0 
2015-12-15                                 0 
2015-12-16                                 0 
2015-12-17                                 0 
2015-12-18                                 1 
2015-12-19                                 0 
2015-12-20                                 0 
2015-12-21                                 1 
2015-12-22                                 0 
2015-12-23                                 1 
2015-12-24                                 1 
2015-12-25                                 0 
2015-12-26                                 0 
2015-12-27                                 0 
2015-12-28                                 0 
2015-12-29                                 1 
2015-12-30                                 0 
2015-12-31                                 1 
2016-01-01                                 0 
2016-01-02                                 0 
2016-01-03                                 0 
2016-01-04                                 1 
2016-01-05                                 1 
2016-01-06                                 0 
2016-01-07                                 0 
2016-01-08                                 1 
2016-01-09                                 0 
2016-01-10                                 0 
2016-01-11                                 1 
2016-01-12                                 1 
2016-01-13                                 0 
2016-01-14                                 0 
2016-01-15                                 1 
2016-01-16                                 1 
2016-01-17                                 0 
2016-01-18                                 0 
2016-01-19                                 0 
2016-01-20                                 1 
2016-01-21                                 1 
2016-01-22                                 1 
2016-01-23                                 0 
2016-01-24                                 0 
2016-01-25                                 0 
2016-01-26                                 0 
2016-01-27                                 2 
2016-01-28                                 1 
2016-01-29                                 1 
2016-01-30                                 0 
2016-01-31                                 0 
2016-02-01                                 1 
2016-02-02                                 1 
2016-02-03                                 1 
2016-02-04                                 0 
2016-02-05                                 1 
2016-02-06                                 3 
2016-02-07                                 0 
2016-02-08                                 0 
2016-02-09                                 1 
2016-02-10                                 1 
2016-02-11                                 0 
2016-02-12                                 1 
2016-02-13                                 0 
2016-02-14                                 0 
2016-02-15                                 1 
2016-02-16                                 1 
2016-02-17                                 2 
2016-02-18                                 2 
2016-02-19                                 1 
2016-02-20                                 0 
2016-02-21                                 0 
2016-02-22                                 0 
2016-02-23                                 1 
2016-02-24                                 1 
2016-02-25                                 1 
2016-02-26                                 0 
2016-02-27                                 0 
2016-02-28                                 0 
2016-02-29                                 1 
2016-03-01                                 1 
2016-03-02                                 3 
2016-03-03                                 0 
2016-03-04                                 1 
2016-03-05                                 1 
2016-03-06                                 0 
2016-03-07                                 1 
2016-03-08                                 3 
2016-03-09                                 1 
2016-03-10                                 1 
2016-03-11                                 0 
2016-03-12                                 1 
2016-03-13                                 0 
2016-03-14                                 0 
2016-03-15                                 1 
2016-03-16                                 1 
2016-03-17                                 1 
2016-03-18                                 0 
2016-03-19                                 0 
2016-03-20                                 0 
2016-03-21                                 0 
2016-03-22                                 1 
2016-03-23                                 0 
2016-03-24                                 0 
2016-03-25                                 1 
2016-03-26                                 0 
2016-03-27                                 0 
2016-03-28                                 0 
2016-03-29                                 1 
2016-03-30                                 0 
2016-03-31                                 1 
2016-04-01                                 0 
2016-04-02                                 0 
2016-04-03                                 0 
2016-04-04                                 1 
2016-04-05                                 0 
2016-04-06                                 1 
2016-04-07                                 0 
2016-04-08                                 1 
2016-04-09                                 0 
2016-04-10                                 0 
2016-04-11                                 1 
2016-04-12                                 0 
2016-04-13                                 0 
2016-04-14                                 1 
2016-04-15                                 1 
2016-04-16                                 0 
2016-04-17                                 0 
2016-04-18                                 0 
2016-04-19                                 1 
2016-04-20                                 1 
2016-04-21                                 1 
2016-04-22                                 1 
2016-04-23                                 0 
2016-04-24                                 0 
2016-04-25                                 0 
2016-04-26                                 0 
2016-04-27                                 0 
2016-04-28                                 1 
2016-04-29                                 1 
2016-04-30                                 0 
2016-05-01                                 0 
2016-05-02                                 1 
2016-05-03                                 1 
2016-05-04                                 1 
2016-05-05                                 0 
2016-05-06                                 0 
2016-05-07                                 0 
2016-05-08                                 0 
2016-05-09                                 1 
2016-05-10                                 1 
2016-05-11                                 0 
2016-05-12                                 1 
2016-05-13                                 0 
2016-05-14                                 1 
2016-05-15                                 0 
2016-05-16                                 0 
2016-05-17                                 1 
2016-05-18                                 1 
2016-05-19                                 1 
2016-05-20*                            0.6733 
2016-05-21*                            0.6262 
2016-05-22*                            0.1397 
2016-05-23*                            0.5887 
2016-05-24*                            0.8867 
2016-05-25*                             0.863 
2016-05-26*                            0.5855 
2016-05-27*                            0.3683 
2016-05-28*                             0.483 
2016-05-29*                            0.0995 

=== Evaluation on training data ===
Target                             1-step-ahead  2-steps-ahead  3-steps-ahead  4-steps-ahead  5-steps-ahead  6-steps-ahead  7-steps-ahead  8-steps-ahead  9-steps-ahead 10-steps-ahead
======================================================================================================================================================================================
Sottoarea_128.Prodotto_2.Vendite
  N                                         505            504            503            502            501            500            499            498            497            496
  Mean absolute error                    0.1554         0.1555         0.1552         0.1554         0.1556         0.1552         0.1548         0.1551         0.1551         0.1549
  Mean absolute percentage error        14.3279        14.3279        14.3279        14.3279        14.3279        14.2438        14.2438        14.2914        14.3011        14.2449
  Root mean squared error                0.2089         0.2091         0.2089         0.2091         0.2093         0.2089         0.2086         0.2088         0.2089         0.2088
  Mean squared error                     0.0436         0.0437         0.0436         0.0437         0.0438         0.0436         0.0435         0.0436         0.0437         0.0436

Total number of instances: 870

